"349190600","BIELSKO-BIA£A","2018","02","01",7.5,"",6.4,"",5.5,"",6.4,"",71.4,"",955.5,"",1003.5,"",.1,"",8.1,""
"349190600","BIELSKO-BIA£A","2018","02","02",7.3,"",1.8,"",1.0,"",5.7,"",86.8,"",959.1,"",1008.1,"",.0,"",.0,""
"349190600","BIELSKO-BIA£A","2018","02","03",6.4,"",2.0,"",-.6,"",4.8,"",82.9,"",956.9,"",1006.0,"",.0,"",.7,""
"349190600","BIELSKO-BIA£A","2018","02","04",7.8,"",3.1,"",-.7,"",5.4,"",92.4,"",965.4,"",1015.0,"",7.3,"",2.2,""
"349190600","BIELSKO-BIA£A","2018","02","05",7.5,"",1.9,"",-3.7,"",4.0,"",85.6,"",975.6,"",1026.3,"",.3,"",.0,""
"349190600","BIELSKO-BIA£A","2018","02","06",1.5,"",2.4,"",-8.4,"",2.5,"",77.6,"",971.9,"",1023.4,"",.0,"",.0,""
"349190600","BIELSKO-BIA£A","2018","02","07",6.0,"",3.3,"",-3.0,"",4.4,"",87.8,"",966.6,"",1016.7,"",4.9,"",2.2,""
"349190600","BIELSKO-BIA£A","2018","02","08",8.0,"",1.9,"",-2.6,"",5.0,"",98.5,"",967.7,"",1017.8,"",.6,"",.4,""
"349190600","BIELSKO-BIA£A","2018","02","09",8.0,"",1.1,"",-2.7,"",4.7,"",93.9,"",969.4,"",1019.6,"",.0,"",.0,""
"349190600","BIELSKO-BIA£A","2018","02","10",8.0,"",1.0,"",-2.4,"",4.8,"",94.4,"",968.0,"",1018.1,"",.1,"",.0,""
"349190600","BIELSKO-BIA£A","2018","02","11",7.1,"",2.0,"",-1.3,"",4.5,"",80.8,"",962.5,"",1012.1,"",.0,"",.0,""
"349190600","BIELSKO-BIA£A","2018","02","12",7.6,"",3.8,"",.9,"",5.2,"",80.1,"",962.7,"",1011.9,"",.0,"",1.0,""
"349190600","BIELSKO-BIA£A","2018","02","13",8.0,"",1.9,"",-.4,"",5.4,"",90.3,"",967.7,"",1017.4,"",.8,"",.2,""
"349190600","BIELSKO-BIA£A","2018","02","14",8.0,"",2.1,"",-2.0,"",4.9,"",93.1,"",968.6,"",1018.6,"",1.8,"",1.0,""
"349190600","BIELSKO-BIA£A","2018","02","15",7.3,"",1.6,"",-2.3,"",4.6,"",89.4,"",973.5,"",1023.9,"",.1,"",.0,""
"349190600","BIELSKO-BIA£A","2018","02","16",5.4,"",4.1,"",-.1,"",4.5,"",74.6,"",975.0,"",1025.0,"",.1,"",.0,""
"349190600","BIELSKO-BIA£A","2018","02","17",6.5,"",1.3,"",-1.2,"",4.6,"",82.0,"",975.9,"",1026.2,"",.0,"",.5,""
"349190600","BIELSKO-BIA£A","2018","02","18",7.5,"",1.4,"",-.8,"",5.0,"",87.3,"",977.2,"",1027.5,"",.0,"",.0,""
"349190600","BIELSKO-BIA£A","2018","02","19",4.4,"",3.3,"",-1.7,"",3.6,"",66.5,"",974.7,"",1025.0,"",.0,"",.0,""
"349190600","BIELSKO-BIA£A","2018","02","20",6.8,"",2.5,"",-4.8,"",3.5,"",81.8,"",968.9,"",1019.5,"",.0,"",.0,""
"349190600","BIELSKO-BIA£A","2018","02","21",7.0,"",2.3,"",-4.8,"",3.7,"",86.3,"",971.3,"",1022.0,"",.0,"",.0,""
"349190600","BIELSKO-BIA£A","2018","02","22",7.6,"",5.4,"",-3.8,"",3.9,"",83.9,"",972.4,"",1023.0,"",.0,"",.0,""
"349190600","BIELSKO-BIA£A","2018","02","23",8.0,"",4.8,"",-5.0,"",3.8,"",89.3,"",972.4,"",1023.2,"",.0,"",.0,""
"349190600","BIELSKO-BIA£A","2018","02","24",4.8,"",3.0,"",-8.0,"",2.7,"",80.5,"",973.9,"",1025.4,"",1.0,"",.2,""
"349190600","BIELSKO-BIA£A","2018","02","25",6.8,"",2.9,"",-12.5,"",1.8,"",76.3,"",977.7,"",1030.3,"",.1,"",.0,""
"349190600","BIELSKO-BIA£A","2018","02","26",5.5,"",4.6,"",-12.3,"",1.9,"",79.4,"",973.9,"",1026.2,"",.0,"",.0,""
"349190600","BIELSKO-BIA£A","2018","02","27",7.6,"",5.5,"",-13.5,"",1.8,"",80.0,"",968.8,"",1021.1,"",.2,"",.2,""
"349190600","BIELSKO-BIA£A","2018","02","28",6.8,"",5.0,"",-12.7,"",1.7,"",75.4,"",972.2,"",1024.6,"",.0,"",.0,""
"349190625","ZAKOPANE","2018","02","01",6.4,"",1.3,"",.7,"",4.9,"",78.1,"",904.9,"",.0,"8",.1,"",3.7,""
"349190625","ZAKOPANE","2018","02","02",8.0,"",.4,"",-.5,"",5.2,"",88.6,"",906.3,"",.0,"8",4.9,"",.3,""
"349190625","ZAKOPANE","2018","02","03",7.4,"",.9,"",-3.0,"",4.3,"",87.3,"",903.8,"",.0,"8",.3,"",.4,""
"349190625","ZAKOPANE","2018","02","04",7.4,"",1.1,"",-3.6,"",4.0,"",85.3,"",911.3,"",.0,"8",4.4,"",1.8,""
"349190625","ZAKOPANE","2018","02","05",7.6,"",1.0,"",-6.1,"",3.2,"",81.0,"",920.1,"",.0,"8",.5,"",1.3,""
"349190625","ZAKOPANE","2018","02","06",2.6,"",1.0,"",-10.6,"",2.0,"",74.6,"",917.4,"",.0,"8",.0,"",.0,""
"349190625","ZAKOPANE","2018","02","07",6.6,"",.6,"",-5.9,"",3.7,"",88.8,"",913.5,"",.0,"8",1.8,"",1.8,""
"349190625","ZAKOPANE","2018","02","08",8.0,"",.8,"",-2.9,"",4.5,"",90.6,"",913.0,"",.0,"8",1.3,"",.2,""
"349190625","ZAKOPANE","2018","02","09",8.0,"",1.0,"",-3.6,"",4.1,"",88.3,"",914.9,"",.0,"8",.0,"",.0,""
"349190625","ZAKOPANE","2018","02","10",7.9,"",.9,"",-3.0,"",4.3,"",87.3,"",913.7,"",.0,"8",.2,"",.0,""
"349190625","ZAKOPANE","2018","02","11",7.0,"",1.1,"",-3.7,"",3.8,"",82.3,"",909.1,"",.0,"8",.0,"",.0,""
"349190625","ZAKOPANE","2018","02","12",7.9,"",.8,"",-2.8,"",4.3,"",85.1,"",909.9,"",.0,"8",.1,"",1.3,""
"349190625","ZAKOPANE","2018","02","13",7.8,"",.9,"",-3.6,"",4.1,"",88.3,"",913.5,"",.0,"8",1.1,"",3.5,""
"349190625","ZAKOPANE","2018","02","14",8.0,"",1.5,"",-4.5,"",3.9,"",88.8,"",913.5,"",.0,"8",3.4,"",1.1,""
"349190625","ZAKOPANE","2018","02","15",6.6,"",.9,"",-5.4,"",3.5,"",85.9,"",919.1,"",.0,"8",.0,"",.0,""
"349190625","ZAKOPANE","2018","02","16",6.6,"",1.1,"",-4.7,"",3.8,"",87.6,"",921.8,"",.0,"8",5.5,"",.0,""
"349190625","ZAKOPANE","2018","02","17",5.0,"",1.1,"",-4.3,"",3.4,"",75.6,"",922.1,"",.0,"8",.0,"",2.1,""
"349190625","ZAKOPANE","2018","02","18",7.8,"",1.3,"",-3.9,"",3.9,"",84.1,"",922.4,"",.0,"8",.7,"",.0,""
"349190625","ZAKOPANE","2018","02","19",3.4,"",.6,"",-6.1,"",2.8,"",71.8,"",920.8,"",.0,"8",.0,"",.0,""
"349190625","ZAKOPANE","2018","02","20",7.1,"",1.1,"",-4.9,"",3.0,"",72.4,"",914.5,"",.0,"8",.0,"",.8,""
"349190625","ZAKOPANE","2018","02","21",8.0,"",.9,"",-6.4,"",3.2,"",84.9,"",915.9,"",.0,"8",.2,"",.1,""
"349190625","ZAKOPANE","2018","02","22",8.0,"",1.6,"",-7.0,"",3.0,"",82.4,"",917.5,"",.0,"8",.0,"",.0,""
"349190625","ZAKOPANE","2018","02","23",8.0,"",1.4,"",-7.4,"",3.0,"",86.4,"",917.1,"",.0,"8",.7,"",.2,""
"349190625","ZAKOPANE","2018","02","24",6.8,"",1.5,"",-10.9,"",2.0,"",74.0,"",917.4,"",.0,"8",1.1,"",.9,""
"349190625","ZAKOPANE","2018","02","25",7.0,"",1.0,"",-15.7,"",1.3,"",72.8,"",920.2,"",.0,"8",.4,"",.0,""
"349190625","ZAKOPANE","2018","02","26",6.4,"",1.9,"",-15.7,"",1.3,"",70.8,"",916.7,"",.0,"8",.0,"",.0,""
"349190625","ZAKOPANE","2018","02","27",7.6,"",2.0,"",-16.8,"",1.2,"",70.6,"",911.7,"",.0,"8",.1,"",1.0,""
"349190625","ZAKOPANE","2018","02","28",7.0,"",1.6,"",-16.1,"",1.3,"",71.4,"",915.3,"",.0,"8",.7,"",.0,""
"349190650","KASPROWY WIERCH","2018","02","01",7.5,"",12.9,"",-4.9,"",3.8,"",89.9,"",785.0,"",.0,"8",1.0,"",4.0,""
"349190650","KASPROWY WIERCH","2018","02","02",8.0,"",5.8,"",-6.0,"",3.6,"",92.0,"",784.7,"",.0,"8",4.9,"",1.5,""
"349190650","KASPROWY WIERCH","2018","02","03",7.5,"",4.9,"",-10.3,"",2.1,"",76.1,"",781.2,"",.0,"8",2.3,"",3.8,""
"349190650","KASPROWY WIERCH","2018","02","04",8.0,"",4.5,"",-11.4,"",2.2,"",86.1,"",787.4,"",.0,"8",8.9,"",3.0,""
"349190650","KASPROWY WIERCH","2018","02","05",7.8,"",2.1,"",-13.8,"",1.7,"",83.4,"",793.8,"",.0,"8",1.6,"",.4,""
"349190650","KASPROWY WIERCH","2018","02","06",2.8,"",8.8,"",-15.0,"",1.5,"",77.0,"",791.1,"",.0,"8",.0,"",.0,""
"349190650","KASPROWY WIERCH","2018","02","07",6.5,"",8.0,"",-6.2,"",3.2,"",81.3,"",791.1,"",.0,"8",5.1,"",2.8,""
"349190650","KASPROWY WIERCH","2018","02","08",7.9,"",4.4,"",-6.2,"",3.5,"",91.9,"",790.2,"",.0,"8",.5,"",.1,""
"349190650","KASPROWY WIERCH","2018","02","09",7.8,"",2.9,"",-7.6,"",3.1,"",90.0,"",791.1,"",.0,"8",.0,"",.0,""
"349190650","KASPROWY WIERCH","2018","02","10",7.6,"",1.8,"",-8.3,"",2.9,"",89.4,"",790.2,"",.0,"8",.2,"",.1,""
"349190650","KASPROWY WIERCH","2018","02","11",3.4,"",4.4,"",-9.8,"",2.5,"",87.9,"",785.9,"",.0,"8",.0,"",.1,""
"349190650","KASPROWY WIERCH","2018","02","12",7.4,"",3.3,"",-8.6,"",2.8,"",89.0,"",787.0,"",.0,"8",.1,"",5.4,""
"349190650","KASPROWY WIERCH","2018","02","13",7.9,"",5.3,"",-10.9,"",2.3,"",86.6,"",789.3,"",.0,"8",3.1,"",4.4,""
"349190650","KASPROWY WIERCH","2018","02","14",8.0,"",6.3,"",-12.0,"",2.1,"",85.6,"",788.4,"",.0,"8",5.5,"",2.5,""
"349190650","KASPROWY WIERCH","2018","02","15",5.3,"",6.1,"",-10.9,"",2.4,"",86.8,"",794.0,"",.0,"8",.0,"",.0,""
"349190650","KASPROWY WIERCH","2018","02","16",6.8,"",5.6,"",-8.6,"",2.5,"",77.0,"",797.7,"",.0,"8",2.9,"",.0,""
"349190650","KASPROWY WIERCH","2018","02","17",5.4,"",4.8,"",-10.4,"",2.2,"",80.0,"",797.7,"",.0,"8",.2,"",3.4,""
"349190650","KASPROWY WIERCH","2018","02","18",7.0,"",6.9,"",-11.9,"",2.1,"",85.6,"",796.4,"",.0,"8",2.7,"",.0,""
"349190650","KASPROWY WIERCH","2018","02","19",1.5,"",3.9,"",-8.2,"",1.3,"",40.5,"",796.3,"",.0,"8",.0,"",.0,""
"349190650","KASPROWY WIERCH","2018","02","20",7.3,"",4.8,"",-7.9,"",1.5,"",46.0,"",791.4,"",.0,"8",.0,"",.7,""
"349190650","KASPROWY WIERCH","2018","02","21",6.8,"",4.9,"",-8.9,"",2.6,"",82.4,"",791.3,"",.0,"8",.2,"",.0,""
"349190650","KASPROWY WIERCH","2018","02","22",2.8,"",2.9,"",-8.0,"",1.0,"",29.6,"",791.6,"",.0,"8",.0,"",.0,""
"349190650","KASPROWY WIERCH","2018","02","23",5.1,"",3.5,"",-9.4,"",2.1,"",67.8,"",791.3,"",.0,"8",.1,"",.0,""
"349190650","KASPROWY WIERCH","2018","02","24",5.6,"",7.6,"",-18.9,"",.8,"",60.0,"",788.8,"",.0,"8",3.9,"",1.6,""
"349190650","KASPROWY WIERCH","2018","02","25",5.5,"",6.1,"",-22.6,"",.7,"",73.8,"",789.4,"",.0,"8",.0,"",.0,""
"349190650","KASPROWY WIERCH","2018","02","26",4.1,"",5.1,"",-21.0,"",.9,"",75.1,"",786.8,"",.0,"8",.0,"",.0,""
"349190650","KASPROWY WIERCH","2018","02","27",7.1,"",4.8,"",-19.4,"",1.0,"",76.1,"",781.8,"",.0,"8",.0,"",.4,""
"349190650","KASPROWY WIERCH","2018","02","28",4.4,"",4.1,"",-20.4,"",.9,"",75.8,"",785.4,"",.0,"8",.0,"",.0,""
"349200660","NOWY S•CZ","2018","02","01",.0,"8",3.5,"",6.5,"",6.1,"",63.0,"",969.5,"",1004.8,"",.0,"",.5,""
"349200660","NOWY S•CZ","2018","02","02",.0,"8",1.0,"",2.3,"",6.5,"",90.4,"",971.8,"",1007.8,"",4.1,"",2.3,""
"349200660","NOWY S•CZ","2018","02","03",.0,"8",1.9,"",-.2,"",5.8,"",96.5,"",969.6,"",1005.9,"",.0,"",.3,""
"349200660","NOWY S•CZ","2018","02","04",.0,"8",2.0,"",-.2,"",5.3,"",87.9,"",977.6,"",1014.2,"",.0,"",.0,""
"349200660","NOWY S•CZ","2018","02","05",.0,"8",2.3,"",-2.4,"",4.1,"",80.4,"",988.0,"",1025.3,"",1.9,"",.0,""
"349200660","NOWY S•CZ","2018","02","06",.0,"8",1.6,"",-7.0,"",2.9,"",80.9,"",986.2,"",1024.0,"",.0,"",.0,""
"349200660","NOWY S•CZ","2018","02","07",.0,"8",.0,"8",-3.9,"",4.2,"",88.3,"",980.8,"",1018.0,"",.2,"",.1,""
"349200660","NOWY S•CZ","2018","02","08",.0,"8",2.3,"",-.9,"",5.3,"",92.8,"",979.7,"",1016.4,"",.2,"",.0,""
"349200660","NOWY S•CZ","2018","02","09",.0,"8",.0,"8",-1.0,"",5.1,"",89.6,"",982.1,"",1018.9,"",.0,"",.0,""
"349200660","NOWY S•CZ","2018","02","10",.0,"8",1.5,"",-1.1,"",5.0,"",88.4,"",981.1,"",1017.9,"",.0,"",.0,""
"349200660","NOWY S•CZ","2018","02","11",.0,"8",2.0,"",-1.4,"",4.3,"",78.3,"",976.3,"",1012.9,"",.0,"",.0,""
"349200660","NOWY S•CZ","2018","02","12",.0,"8",1.4,"",-1.2,"",5.0,"",88.6,"",976.1,"",1012.8,"",.0,"",.0,""
"349200660","NOWY S•CZ","2018","02","13",.0,"8",.0,"8",.3,"",5.8,"",93.1,"",980.5,"",1017.1,"",.0,"",.8,""
"349200660","NOWY S•CZ","2018","02","14",.0,"8",2.8,"",-.9,"",5.4,"",94.1,"",980.7,"",1017.5,"",2.2,"",1.0,""
"349200660","NOWY S•CZ","2018","02","15",.0,"8",2.3,"",-2.1,"",4.8,"",91.4,"",987.0,"",1024.2,"",.1,"",.0,""
"349200660","NOWY S•CZ","2018","02","16",.0,"8",.0,"8",-1.9,"",4.9,"",91.6,"",988.6,"",1025.8,"",1.6,"",.0,""
"349200660","NOWY S•CZ","2018","02","17",.0,"8",1.6,"",-2.1,"",4.4,"",84.8,"",989.4,"",1026.6,"",.0,"",.0,""
"349200660","NOWY S•CZ","2018","02","18",.0,"8",2.8,"",-.9,"",4.9,"",84.4,"",989.8,"",1026.9,"",.5,"",.0,""
"349200660","NOWY S•CZ","2018","02","19",.0,"8",1.9,"",-1.9,"",3.8,"",72.8,"",988.9,"",1026.1,"",.0,"",.0,""
"349200660","NOWY S•CZ","2018","02","20",.0,"8",1.8,"",-4.8,"",3.4,"",80.5,"",982.9,"",1020.2,"",.0,"",.0,""
"349200660","NOWY S•CZ","2018","02","21",.0,"8",1.3,"",-3.6,"",4.0,"",84.1,"",984.2,"",1021.4,"",.0,"",.0,""
"349200660","NOWY S•CZ","2018","02","22",.0,"8",2.4,"",-2.9,"",4.1,"",82.6,"",986.0,"",1023.2,"",.0,"",.0,""
"349200660","NOWY S•CZ","2018","02","23",.0,"8",1.9,"",-3.8,"",4.0,"",86.9,"",985.6,"",1022.9,"",.1,"",.1,""
"349200660","NOWY S•CZ","2018","02","24",.0,"8",.0,"8",-7.0,"",3.0,"",81.4,"",986.1,"",1023.9,"",.7,"",.2,""
"349200660","NOWY S•CZ","2018","02","25",.0,"8",2.0,"",-11.5,"",2.0,"",79.4,"",990.9,"",1029.5,"",.1,"",.0,""
"349200660","NOWY S•CZ","2018","02","26",.0,"8",2.1,"",-11.2,"",2.0,"",77.1,"",987.7,"",1026.2,"",.0,"",.0,""
"349200660","NOWY S•CZ","2018","02","27",.0,"8",.0,"8",-13.0,"",1.8,"",77.6,"",982.7,"",1021.3,"",.0,"",.3,""
"349200660","NOWY S•CZ","2018","02","28",.0,"8",.0,"8",-11.9,"",2.0,"",79.0,"",985.9,"",1024.4,"",.3,"",.0,""
"349210670","KROSNO","2018","02","01",6.9,"",4.4,"",4.3,"",6.4,"",76.5,"",966.3,"",1006.5,"",.0,"",.8,""
"349210670","KROSNO","2018","02","02",7.9,"",2.6,"",1.8,"",6.6,"",94.1,"",967.1,"",1007.7,"",7.2,"",12.2,""
"349210670","KROSNO","2018","02","03",8.0,"",2.1,"",-.5,"",5.9,"",99.6,"",964.6,"",1005.4,"",3.7,"",5.0,""
"349210670","KROSNO","2018","02","04",8.0,"",2.6,"",-1.3,"",5.4,"",96.6,"",972.4,"",1013.8,"",.5,"",.2,""
"349210670","KROSNO","2018","02","05",7.5,"",2.1,"",-4.0,"",4.2,"",90.3,"",982.8,"",1025.0,"",.1,"",.0,""
"349210670","KROSNO","2018","02","06",1.1,"",2.6,"",-9.5,"",2.6,"",85.1,"",981.8,"",1024.8,"",.0,"",.0,""
"349210670","KROSNO","2018","02","07",7.0,"",3.0,"",-3.3,"",4.4,"",89.4,"",976.6,"",1018.5,"",.2,"",.0,""
"349210670","KROSNO","2018","02","08",8.0,"",3.4,"",-1.5,"",5.4,"",98.5,"",974.1,"",1015.6,"",1.1,"",.2,""
"349210670","KROSNO","2018","02","09",8.0,"",3.4,"",-2.4,"",5.1,"",99.3,"",976.7,"",1018.4,"",.3,"",.2,""
"349210670","KROSNO","2018","02","10",8.0,"",1.8,"",-2.9,"",4.8,"",96.8,"",976.5,"",1018.3,"",.1,"",.0,""
"349210670","KROSNO","2018","02","11",7.0,"",1.8,"",-3.2,"",4.5,"",92.6,"",971.9,"",1013.6,"",.0,"",.0,""
"349210670","KROSNO","2018","02","12",7.9,"",1.4,"",-.7,"",5.3,"",90.0,"",971.5,"",1012.7,"",.0,"",.2,""
"349210670","KROSNO","2018","02","13",7.9,"",1.6,"",-.4,"",5.6,"",94.5,"",975.7,"",1017.0,"",.2,"",.2,""
"349210670","KROSNO","2018","02","14",8.0,"",2.1,"",-1.0,"",5.2,"",91.9,"",975.7,"",1017.1,"",.6,"",.4,""
"349210670","KROSNO","2018","02","15",6.9,"",1.5,"",-3.1,"",4.5,"",93.1,"",982.3,"",1024.3,"",.0,"",.0,""
"349210670","KROSNO","2018","02","16",6.6,"",3.1,"",-.7,"",5.2,"",88.6,"",984.0,"",1025.7,"",1.1,"",.0,""
"349210670","KROSNO","2018","02","17",6.3,"",2.5,"",-1.7,"",4.8,"",89.3,"",984.8,"",1026.7,"",.0,"",.0,""
"349210670","KROSNO","2018","02","18",6.9,"",2.1,"",-1.8,"",4.5,"",84.3,"",984.5,"",1026.4,"",.4,"",.0,""
"349210670","KROSNO","2018","02","19",2.6,"",1.6,"",-3.1,"",3.7,"",76.5,"",984.3,"",1026.4,"",.0,"",.0,""
"349210670","KROSNO","2018","02","20",5.9,"",2.3,"",-5.6,"",3.3,"",81.4,"",978.2,"",1020.4,"",.0,"",.1,""
"349210670","KROSNO","2018","02","21",7.8,"",2.3,"",-4.1,"",4.0,"",88.4,"",978.9,"",1021.0,"",.1,"",.0,""
"349210670","KROSNO","2018","02","22",7.9,"",2.9,"",-3.1,"",4.1,"",82.6,"",980.7,"",1022.6,"",.1,"",.0,""
"349210670","KROSNO","2018","02","23",7.9,"",2.9,"",-4.6,"",3.7,"",84.6,"",980.4,"",1022.6,"",.1,"",.3,""
"349210670","KROSNO","2018","02","24",7.0,"",3.4,"",-8.1,"",2.8,"",84.0,"",980.6,"",1023.3,"",.2,"",.1,""
"349210670","KROSNO","2018","02","25",7.5,"",3.1,"",-12.3,"",1.9,"",80.0,"",985.1,"",1028.7,"",.1,"",.1,""
"349210670","KROSNO","2018","02","26",5.3,"",2.9,"",-12.5,"",1.8,"",75.4,"",982.7,"",1026.3,"",.0,"",.0,""
"349210670","KROSNO","2018","02","27",6.8,"",3.8,"",-13.5,"",1.6,"",73.8,"",977.5,"",1021.0,"",.0,"",.0,""
"349210670","KROSNO","2018","02","28",7.3,"",2.8,"",-12.4,"",1.8,"",76.3,"",980.4,"",1023.9,"",.1,"",.0,""
"349220690","LESKO","2018","02","01",6.5,"",4.5,"",4.9,"",6.2,"",71.8,"",956.3,"",1007.2,"",.0,"",1.9,""
"349220690","LESKO","2018","02","02",7.8,"",2.3,"",1.9,"",6.3,"",90.3,"",956.1,"",1007.5,"",11.7,"",11.1,""
"349220690","LESKO","2018","02","03",8.0,"",1.5,"",-.5,"",5.7,"",97.3,"",953.3,"",1005.0,"",10.1,"",8.0,""
"349220690","LESKO","2018","02","04",8.0,"",1.8,"",-1.6,"",5.1,"",95.3,"",961.0,"",1013.4,"",.2,"",.3,""
"349220690","LESKO","2018","02","05",7.0,"",1.9,"",-4.2,"",4.0,"",88.6,"",971.3,"",1024.8,"",.6,"",.0,""
"349220690","LESKO","2018","02","06",1.8,"",1.0,"",-9.2,"",2.6,"",84.0,"",970.7,"",1025.1,"",.0,"",.0,""
"349220690","LESKO","2018","02","07",5.6,"",1.1,"",-3.6,"",4.3,"",88.8,"",965.9,"",1018.9,"",.0,"",.5,""
"349220690","LESKO","2018","02","08",8.0,"",1.9,"",-1.4,"",5.3,"",96.1,"",962.6,"",1015.0,"",1.9,"",.7,""
"349220690","LESKO","2018","02","09",8.0,"",2.8,"",-2.6,"",4.8,"",95.5,"",965.2,"",1018.0,"",.6,"",.7,""
"349220690","LESKO","2018","02","10",8.0,"",1.1,"",-2.9,"",4.6,"",93.6,"",965.3,"",1018.2,"",.2,"",.0,""
"349220690","LESKO","2018","02","11",7.6,"",1.0,"",-3.2,"",4.4,"",91.0,"",960.7,"",1013.4,"",.0,"",.0,""
"349220690","LESKO","2018","02","12",7.8,"",1.4,"",-1.3,"",4.9,"",89.0,"",960.7,"",1013.0,"",.0,"",2.9,""
"349220690","LESKO","2018","02","13",8.0,"",1.4,"",-.4,"",5.5,"",92.1,"",964.4,"",1016.7,"",.2,"",.0,""
"349220690","LESKO","2018","02","14",7.8,"",2.6,"",-1.5,"",4.8,"",88.4,"",964.1,"",1016.7,"",.2,"",.3,""
"349220690","LESKO","2018","02","15",7.6,"",1.8,"",-2.8,"",4.5,"",90.6,"",970.9,"",1024.0,"",.0,"",.0,""
"349220690","LESKO","2018","02","16",7.0,"",2.5,"",-1.1,"",4.8,"",84.6,"",973.1,"",1026.0,"",.9,"",.0,""
"349220690","LESKO","2018","02","17",4.6,"",1.5,"",-1.6,"",4.5,"",84.1,"",973.8,"",1026.9,"",.0,"",.0,""
"349220690","LESKO","2018","02","18",7.4,"",1.5,"",-2.5,"",4.4,"",86.9,"",973.0,"",1026.3,"",.7,"",.0,""
"349220690","LESKO","2018","02","19",2.6,"",1.6,"",-3.1,"",3.5,"",72.5,"",973.0,"",1026.3,"",.0,"",.0,""
"349220690","LESKO","2018","02","20",5.9,"",2.5,"",-5.4,"",3.2,"",79.1,"",966.9,"",1020.3,"",.0,"",.7,""
"349220690","LESKO","2018","02","21",8.0,"",1.5,"",-4.2,"",4.0,"",88.9,"",967.3,"",1020.5,"",.7,"",.0,""
"349220690","LESKO","2018","02","22",8.0,"",2.9,"",-3.2,"",4.1,"",84.9,"",969.1,"",1022.2,"",.2,"",.0,""
"349220690","LESKO","2018","02","23",7.6,"",2.9,"",-4.9,"",3.6,"",83.9,"",968.6,"",1022.1,"",.1,"",.2,""
"349220690","LESKO","2018","02","24",7.5,"",2.3,"",-8.4,"",2.5,"",78.1,"",968.7,"",1022.9,"",.2,"",.5,""
"349220690","LESKO","2018","02","25",6.1,"",2.3,"",-12.6,"",1.8,"",77.9,"",972.8,"",1028.2,"",.1,"",.0,""
"349220690","LESKO","2018","02","26",5.5,"",2.8,"",-13.1,"",1.7,"",75.0,"",970.8,"",1026.1,"",.0,"",.1,""
"349220690","LESKO","2018","02","27",7.9,"",3.8,"",-14.0,"",1.5,"",72.6,"",965.4,"",1020.7,"",.0,"",.2,""
"349220690","LESKO","2018","02","28",6.6,"",2.8,"",-13.2,"",1.6,"",74.1,"",968.4,"",1023.6,"",.0,"",.1,""
"350150500","JELENIA G”RA","2018","02","01",7.6,"",2.3,"",3.5,"",6.4,"",81.5,"",960.6,"",1002.3,"",.4,"",.0,""
"350150500","JELENIA G”RA","2018","02","02",6.4,"",2.4,"",.7,"",4.8,"",75.8,"",964.2,"",1006.5,"",.0,"",.1,""
"350150500","JELENIA G”RA","2018","02","03",6.1,"",1.6,"",.7,"",5.2,"",81.6,"",963.5,"",1005.7,"",.6,"",1.1,""
"350150500","JELENIA G”RA","2018","02","04",6.3,"",1.6,"",-.6,"",4.7,"",81.5,"",973.7,"",1016.6,"",.0,"",.4,""
"350150500","JELENIA G”RA","2018","02","05",6.4,"",1.5,"",-3.1,"",3.9,"",80.1,"",983.8,"",1027.5,"",.0,"",.0,""
"350150500","JELENIA G”RA","2018","02","06",.8,"",1.3,"",-7.2,"",2.8,"",78.1,"",977.3,"",1021.4,"",.0,"",.0,""
"350150500","JELENIA G”RA","2018","02","07",4.0,"",1.1,"",-4.6,"",3.5,"",81.1,"",973.1,"",1016.7,"",.0,"",.0,""
"350150500","JELENIA G”RA","2018","02","08",7.6,"",1.5,"",-1.6,"",4.3,"",80.3,"",976.5,"",1019.7,"",.0,"",.0,""
"350150500","JELENIA G”RA","2018","02","09",5.3,"",1.5,"",-2.5,"",3.9,"",76.4,"",976.1,"",1019.4,"",.0,"",.0,""
"350150500","JELENIA G”RA","2018","02","10",6.9,"",.6,"",-3.4,"",3.9,"",82.8,"",974.9,"",1018.3,"",.0,"",.0,""
"350150500","JELENIA G”RA","2018","02","11",7.0,"",2.3,"",.4,"",4.4,"",70.0,"",966.5,"",1008.9,"",.0,"",.0,""
"350150500","JELENIA G”RA","2018","02","12",7.1,"",1.9,"",.8,"",5.0,"",78.0,"",969.0,"",1011.4,"",.0,"",.0,""
"350150500","JELENIA G”RA","2018","02","13",4.3,"",1.1,"",-1.9,"",4.1,"",79.5,"",975.2,"",1018.3,"",.0,"",.0,""
"350150500","JELENIA G”RA","2018","02","14",5.1,"",1.1,"",-4.5,"",4.0,"",89.4,"",977.9,"",1021.6,"",.0,"",.0,""
"350150500","JELENIA G”RA","2018","02","15",6.6,"",1.9,"",-1.1,"",4.0,"",72.3,"",979.3,"",1022.5,"",.0,"",.0,""
"350150500","JELENIA G”RA","2018","02","16",5.1,"",2.5,"",2.7,"",4.7,"",64.9,"",980.6,"",1023.3,"",.0,"",.0,""
"350150500","JELENIA G”RA","2018","02","17",5.3,"",.9,"",-1.6,"",4.4,"",81.3,"",982.7,"",1026.2,"",.0,"",.2,""
"350150500","JELENIA G”RA","2018","02","18",6.9,"",.9,"",-.3,"",4.7,"",79.1,"",985.5,"",1028.8,"",.0,"",.0,""
"350150500","JELENIA G”RA","2018","02","19",5.0,"",1.0,"",-3.2,"",3.7,"",78.1,"",980.6,"",1024.2,"",.0,"",.0,""
"350150500","JELENIA G”RA","2018","02","20",6.4,"",1.5,"",-3.4,"",3.8,"",80.8,"",976.7,"",1020.1,"",.0,"",.0,""
"350150500","JELENIA G”RA","2018","02","21",2.8,"",1.5,"",-5.1,"",3.4,"",81.0,"",980.6,"",1024.5,"",.0,"",.0,""
"350150500","JELENIA G”RA","2018","02","22",4.9,"",1.9,"",-4.9,"",3.0,"",72.1,"",981.4,"",1025.4,"",.0,"",.0,""
"350150500","JELENIA G”RA","2018","02","23",6.8,"",2.1,"",-6.0,"",2.8,"",72.9,"",981.6,"",1025.7,"",.0,"",.0,""
"350150500","JELENIA G”RA","2018","02","24",5.5,"",2.6,"",-8.5,"",2.5,"",76.4,"",984.3,"",1029.0,"",.2,"",.0,""
"350150500","JELENIA G”RA","2018","02","25",3.1,"",1.6,"",-10.7,"",1.7,"",64.6,"",986.3,"",1031.5,"",.0,"",.0,""
"350150500","JELENIA G”RA","2018","02","26",6.9,"",2.1,"",-10.7,"",1.8,"",65.8,"",982.8,"",1027.8,"",.0,"",.0,""
"350150500","JELENIA G”RA","2018","02","27",7.1,"",3.4,"",-11.5,"",1.6,"",62.8,"",978.2,"",1023.1,"",.0,"",.0,""
"350150500","JELENIA G”RA","2018","02","28",6.9,"",2.8,"",-11.2,"",1.7,"",65.5,"",981.3,"",1026.3,"",.0,"",.0,""
"350150510","åNIEØKA","2018","02","01",7.9,"",9.3,"",-4.6,"",4.4,"",99.6,"",818.3,"",.0,"8",2.1,"",1.5,""
"350150510","åNIEØKA","2018","02","02",7.8,"",6.4,"",-7.9,"",3.3,"",97.8,"",820.6,"",.0,"8",.0,"",.0,""
"350150510","åNIEØKA","2018","02","03",7.5,"",8.5,"",-8.0,"",3.3,"",97.8,"",820.0,"",.0,"8",.3,"",.0,""
"350150510","åNIEØKA","2018","02","04",6.9,"",6.3,"",-9.6,"",2.9,"",96.4,"",827.7,"",.0,"8",.2,"",2.0,""
"350150510","åNIEØKA","2018","02","05",6.9,"",4.8,"",-10.3,"",2.6,"",93.1,"",835.0,"",.0,"8",1.2,"",.2,""
"350150510","åNIEØKA","2018","02","06",3.4,"",6.6,"",-13.0,"",2.0,"",87.8,"",829.4,"",.0,"8",.0,"",.0,""
"350150510","åNIEØKA","2018","02","07",5.1,"",3.6,"",-6.8,"",3.4,"",91.6,"",828.5,"",.0,"8",.0,"",.0,""
"350150510","åNIEØKA","2018","02","08",4.4,"",4.4,"",-6.5,"",3.4,"",89.0,"",830.4,"",.0,"8",.0,"",.0,""
"350150510","åNIEØKA","2018","02","09",2.4,"",2.9,"",-6.8,"",2.2,"",58.8,"",830.3,"",.0,"8",.0,"",.0,""
"350150510","åNIEØKA","2018","02","10",2.3,"",4.5,"",-5.8,"",1.5,"",37.6,"",829.0,"",.0,"8",.0,"",.0,""
"350150510","åNIEØKA","2018","02","11",6.0,"",7.0,"",-7.9,"",2.8,"",82.9,"",822.2,"",.0,"8",1.4,"",.5,""
"350150510","åNIEØKA","2018","02","12",7.0,"",9.8,"",-8.3,"",3.0,"",92.4,"",824.6,"",.0,"8",1.3,"",.0,""
"350150510","åNIEØKA","2018","02","13",5.5,"",3.1,"",-10.4,"",2.5,"",90.3,"",829.3,"",.0,"8",.7,"",.2,""
"350150510","åNIEØKA","2018","02","14",8.0,"",8.0,"",-10.8,"",2.4,"",90.3,"",830.6,"",.0,"8",1.6,"",.1,""
"350150510","åNIEØKA","2018","02","15",5.6,"",10.1,"",-11.0,"",2.4,"",90.1,"",832.4,"",.0,"8",.1,"",.3,""
"350150510","åNIEØKA","2018","02","16",5.9,"",14.6,"",-6.7,"",3.6,"",96.1,"",835.3,"",.0,"8",1.2,"",.0,""
"350150510","åNIEØKA","2018","02","17",6.5,"",6.8,"",-8.8,"",3.0,"",93.6,"",836.2,"",.0,"8",.2,"",1.9,""
"350150510","åNIEØKA","2018","02","18",5.9,"",7.8,"",-8.7,"",2.8,"",87.4,"",837.8,"",.0,"8",.3,"",.0,""
"350150510","åNIEØKA","2018","02","19",5.1,"",6.9,"",-6.7,"",1.7,"",46.9,"",834.3,"",.0,"8",.0,"",.0,""
"350150510","åNIEØKA","2018","02","20",6.4,"",9.3,"",-7.6,"",1.5,"",43.1,"",830.4,"",.0,"8",.0,"",.0,""
"350150510","åNIEØKA","2018","02","21",4.0,"",14.1,"",-10.9,"",1.8,"",70.1,"",831.7,"",.0,"8",.0,"",.1,""
"350150510","åNIEØKA","2018","02","22",6.4,"",14.6,"",-14.1,"",1.9,"",91.8,"",831.0,"",.0,"8",.6,"",.3,""
"350150510","åNIEØKA","2018","02","23",2.4,"",14.1,"",-13.5,"",1.2,"",57.1,"",830.7,"",.0,"8",.0,"",.0,""
"350150510","åNIEØKA","2018","02","24",6.0,"",17.9,"",-16.1,"",1.3,"",74.5,"",831.5,"",.0,"8",.9,"",.2,""
"350150510","åNIEØKA","2018","02","25",3.5,"",14.5,"",-20.4,"",1.0,"",80.8,"",832.1,"",.0,"8",.0,"",.0,""
"350150510","åNIEØKA","2018","02","26",7.5,"",14.9,"",-21.3,"",.9,"",80.9,"",828.3,"",.0,"8",.1,"",.4,""
"350150510","åNIEØKA","2018","02","27",5.6,"",18.0,"",-21.8,"",.9,"",80.6,"",823.1,"",.0,"8",.1,"",.1,""
"350150510","åNIEØKA","2018","02","28",7.3,"",14.0,"",-21.0,"",1.0,"",81.1,"",827.1,"",.0,"8",.0,"",.0,""
"350160520","K£ODZKO","2018","02","01",7.9,"",5.1,"",2.7,"",6.9,"",92.5,"",959.8,"",1003.2,"",3.5,"",.3,""
"350160520","K£ODZKO","2018","02","02",7.0,"",2.1,"",1.6,"",5.6,"",81.4,"",963.5,"",1007.3,"",.0,"",.0,""
"350160520","K£ODZKO","2018","02","03",7.0,"",1.6,"",1.1,"",5.4,"",80.9,"",962.1,"",1005.9,"",.0,"",.0,""
"350160520","K£ODZKO","2018","02","04",6.8,"",1.4,"",-.9,"",5.0,"",87.6,"",971.6,"",1016.1,"",.0,"",.6,""
"350160520","K£ODZKO","2018","02","05",6.4,"",1.8,"",-2.9,"",4.1,"",83.3,"",981.6,"",1027.0,"",.1,"",.0,""
"350160520","K£ODZKO","2018","02","06",2.6,"",1.3,"",-6.1,"",3.0,"",78.8,"",976.2,"",1021.8,"",.0,"",.0,""
"350160520","K£ODZKO","2018","02","07",7.3,"",3.5,"",-.9,"",4.7,"",82.5,"",971.5,"",1016.0,"",.5,"",2.7,""
"350160520","K£ODZKO","2018","02","08",7.8,"",1.5,"",-2.1,"",4.5,"",85.9,"",974.3,"",1019.2,"",.0,"",.0,""
"350160520","K£ODZKO","2018","02","09",7.8,"",.8,"",-2.9,"",4.2,"",84.3,"",974.8,"",1019.9,"",.0,"",.0,""
"350160520","K£ODZKO","2018","02","10",7.6,"",1.5,"",-2.8,"",4.0,"",79.8,"",973.5,"",1018.5,"",.0,"",.0,""
"350160520","K£ODZKO","2018","02","11",7.8,"",3.9,"",-1.4,"",4.7,"",84.4,"",966.1,"",1010.5,"",.0,"",.1,""
"350160520","K£ODZKO","2018","02","12",7.4,"",1.6,"",.9,"",5.7,"",87.4,"",967.7,"",1011.8,"",.1,"",.0,""
"350160520","K£ODZKO","2018","02","13",6.9,"",1.3,"",-1.4,"",5.0,"",91.3,"",973.5,"",1018.2,"",.0,"",.0,""
"350160520","K£ODZKO","2018","02","14",7.4,"",2.3,"",-1.5,"",4.9,"",89.4,"",975.3,"",1020.2,"",.1,"",.1,""
"350160520","K£ODZKO","2018","02","15",7.4,"",3.3,"",-1.7,"",4.5,"",82.4,"",978.5,"",1023.5,"",.0,"",.0,""
"350160520","K£ODZKO","2018","02","16",5.8,"",3.5,"",-.4,"",5.1,"",85.5,"",980.0,"",1024.9,"",.6,"",.0,""
"350160520","K£ODZKO","2018","02","17",7.1,"",1.3,"",-1.1,"",5.0,"",89.6,"",981.0,"",1026.1,"",.0,"",.1,""
"350160520","K£ODZKO","2018","02","18",5.3,"",1.6,"",-.6,"",4.7,"",81.9,"",983.4,"",1028.4,"",.0,"",.0,""
"350160520","K£ODZKO","2018","02","19",5.1,"",1.5,"",-3.8,"",3.8,"",81.5,"",979.6,"",1025.1,"",.0,"",.0,""
"350160520","K£ODZKO","2018","02","20",6.9,"",1.5,"",-3.8,"",4.0,"",85.3,"",974.9,"",1020.1,"",.0,"",.0,""
"350160520","K£ODZKO","2018","02","21",5.8,"",2.1,"",-3.9,"",3.8,"",83.8,"",977.9,"",1023.3,"",.0,"",.0,""
"350160520","K£ODZKO","2018","02","22",6.3,"",3.4,"",-3.7,"",3.5,"",76.0,"",978.7,"",1024.0,"",.0,"",.0,""
"350160520","K£ODZKO","2018","02","23",7.6,"",3.0,"",-5.6,"",3.1,"",77.8,"",979.0,"",1024.7,"",.0,"",.0,""
"350160520","K£ODZKO","2018","02","24",6.0,"",3.1,"",-7.6,"",2.6,"",75.6,"",981.4,"",1027.5,"",.0,"",.0,""
"350160520","K£ODZKO","2018","02","25",5.6,"",2.9,"",-10.5,"",1.9,"",68.8,"",983.8,"",1030.7,"",.0,"",.0,""
"350160520","K£ODZKO","2018","02","26",6.4,"",3.1,"",-10.9,"",1.9,"",69.8,"",980.2,"",1026.9,"",.0,"",.0,""
"350160520","K£ODZKO","2018","02","27",7.3,"",4.4,"",-12.0,"",1.7,"",68.1,"",975.4,"",1022.1,"",.0,"",.0,""
"350160520","K£ODZKO","2018","02","28",7.1,"",3.6,"",-11.6,"",1.8,"",71.8,"",978.8,"",1025.6,"",.0,"",.0,""
"350170530","OPOLE","2018","02","01",7.6,"",3.9,"",4.9,"",6.9,"",80.6,"",983.1,"",1003.0,"",2.1,"",2.2,""
"350170530","OPOLE","2018","02","02",7.5,"",1.5,"",2.4,"",6.1,"",83.9,"",986.8,"",1007.1,"",.0,"",.0,""
"350170530","OPOLE","2018","02","03",6.3,"",1.4,"",.5,"",5.4,"",84.8,"",985.3,"",1005.6,"",.1,"",.6,""
"350170530","OPOLE","2018","02","04",7.8,"",2.8,"",.5,"",5.6,"",88.9,"",994.9,"",1015.4,"",.0,"",.2,""
"350170530","OPOLE","2018","02","05",5.6,"",2.0,"",-2.8,"",4.0,"",79.6,"",1005.9,"",1026.9,"",.0,"",.0,""
"350170530","OPOLE","2018","02","06",.4,"",2.0,"",-6.0,"",2.7,"",71.5,"",1001.3,"",1022.5,"",.0,"",.0,""
"350170530","OPOLE","2018","02","07",6.1,"",1.3,"",-1.4,"",4.3,"",76.8,"",995.8,"",1016.5,"",.0,"",2.1,""
"350170530","OPOLE","2018","02","08",7.9,"",1.6,"",-1.1,"",4.7,"",83.1,"",997.8,"",1018.5,"",.0,"",.0,""
"350170530","OPOLE","2018","02","09",.0,"",1.0,"",-4.7,"",3.5,"",80.9,"",999.1,"",1020.2,"",.0,"",.0,""
"350170530","OPOLE","2018","02","10",6.4,"",1.1,"",-4.9,"",3.6,"",83.3,"",997.6,"",1018.6,"",.0,"",.0,""
"350170530","OPOLE","2018","02","11",6.9,"",2.4,"",-.7,"",4.5,"",76.8,"",990.3,"",1010.9,"",.0,"",.0,""
"350170530","OPOLE","2018","02","12",7.1,"",1.5,"",2.2,"",5.4,"",76.5,"",990.9,"",1011.3,"",.0,"",.0,""
"350170530","OPOLE","2018","02","13",7.0,"",1.3,"",.1,"",5.2,"",84.6,"",997.3,"",1018.0,"",.0,"",.0,""
"350170530","OPOLE","2018","02","14",7.0,"",2.1,"",-.9,"",5.2,"",89.6,"",999.0,"",1019.8,"",.3,"",.1,""
"350170530","OPOLE","2018","02","15",7.4,"",2.3,"",-.2,"",4.8,"",79.9,"",1002.9,"",1023.7,"",.0,"",.0,""
"350170530","OPOLE","2018","02","16",5.4,"",2.5,"",1.5,"",5.2,"",76.5,"",1003.2,"",1023.8,"",.3,"",.0,""
"350170530","OPOLE","2018","02","17",6.0,"",1.3,"",.2,"",5.3,"",85.5,"",1004.9,"",1025.7,"",.0,"",.0,""
"350170530","OPOLE","2018","02","18",7.3,"",1.5,"",.3,"",5.1,"",81.4,"",1007.3,"",1028.1,"",.1,"",.0,""
"350170530","OPOLE","2018","02","19",5.4,"",2.0,"",.2,"",4.2,"",69.3,"",1004.2,"",1025.0,"",.0,"",.0,""
"350170530","OPOLE","2018","02","20",4.9,"",2.5,"",-1.8,"",4.1,"",75.9,"",999.0,"",1019.8,"",.0,"",.0,""
"350170530","OPOLE","2018","02","21",3.0,"",2.4,"",-2.8,"",3.8,"",77.5,"",1001.9,"",1022.8,"",.0,"",.0,""
"350170530","OPOLE","2018","02","22",5.5,"",3.5,"",-2.7,"",3.5,"",71.4,"",1003.4,"",1024.4,"",.0,"",.0,""
"350170530","OPOLE","2018","02","23",6.1,"",3.8,"",-4.1,"",3.1,"",68.6,"",1003.6,"",1024.7,"",.0,"",.0,""
"350170530","OPOLE","2018","02","24",4.5,"",3.6,"",-6.5,"",2.7,"",71.3,"",1005.2,"",1026.5,"",.0,"",.0,""
"350170530","OPOLE","2018","02","25",5.6,"",3.1,"",-9.5,"",1.9,"",62.4,"",1009.1,"",1030.8,"",.0,"",.0,""
"350170530","OPOLE","2018","02","26",5.3,"",2.4,"",-10.1,"",1.8,"",62.1,"",1005.7,"",1027.4,"",.0,"",.0,""
"350170530","OPOLE","2018","02","27",6.9,"",4.3,"",-10.7,"",1.6,"",58.3,"",1001.0,"",1022.6,"",.0,"",.0,""
"350170530","OPOLE","2018","02","28",6.4,"",3.1,"",-10.2,"",1.8,"",63.0,"",1004.2,"",1025.8,"",.0,"",.0,""
"350180540","RACIB”RZ","2018","02","01",7.5,"",3.9,"",4.8,"",7.2,"",84.3,"",978.6,"",1003.8,"",1.5,"",4.1,""
"350180540","RACIB”RZ","2018","02","02",7.0,"",2.5,"",2.6,"",6.3,"",87.0,"",982.0,"",1007.5,"",.0,"",.0,""
"350180540","RACIB”RZ","2018","02","03",6.4,"",2.0,"",1.1,"",6.0,"",90.6,"",980.2,"",1005.8,"",.0,"",.0,""
"350180540","RACIB”RZ","2018","02","04",6.8,"",3.9,"",.6,"",5.5,"",86.8,"",989.5,"",1015.3,"",.0,"",.3,""
"350180540","RACIB”RZ","2018","02","05",5.8,"",2.8,"",-1.9,"",4.4,"",81.4,"",1000.0,"",1026.4,"",.0,"",.0,""
"350180540","RACIB”RZ","2018","02","06",2.0,"",1.6,"",-4.4,"",3.3,"",74.8,"",996.0,"",1022.5,"",.0,"",.0,""
"350180540","RACIB”RZ","2018","02","07",6.4,"",1.4,"",-2.2,"",4.6,"",88.6,"",990.6,"",1016.7,"",3.1,"",2.0,""
"350180540","RACIB”RZ","2018","02","08",8.0,"",4.3,"",-1.3,"",5.1,"",91.6,"",992.1,"",1018.1,"",.0,"",.0,""
"350180540","RACIB”RZ","2018","02","09",4.3,"",2.4,"",-5.0,"",3.7,"",86.0,"",993.7,"",1020.1,"",.0,"",.0,""
"350180540","RACIB”RZ","2018","02","10",7.9,"",1.6,"",-3.7,"",4.1,"",88.8,"",992.3,"",1018.6,"",.0,"",.0,""
"350180540","RACIB”RZ","2018","02","11",6.9,"",2.5,"",-1.9,"",4.5,"",84.3,"",985.8,"",1011.7,"",.0,"",.0,""
"350180540","RACIB”RZ","2018","02","12",7.4,"",1.6,"",1.5,"",5.8,"",85.0,"",986.1,"",1011.8,"",.0,"",.0,""
"350180540","RACIB”RZ","2018","02","13",7.4,"",2.3,"",-.1,"",5.7,"",93.6,"",991.8,"",1017.7,"",2.8,"",.1,""
"350180540","RACIB”RZ","2018","02","14",6.9,"",3.9,"",-1.0,"",5.3,"",93.3,"",992.9,"",1019.0,"",.1,"",.2,""
"350180540","RACIB”RZ","2018","02","15",7.6,"",2.1,"",-1.3,"",4.9,"",88.5,"",997.6,"",1023.8,"",.0,"",.0,""
"350180540","RACIB”RZ","2018","02","16",5.6,"",4.3,"",-.3,"",5.2,"",87.8,"",998.8,"",1024.9,"",.8,"",.1,""
"350180540","RACIB”RZ","2018","02","17",7.4,"",1.8,"",-.8,"",5.3,"",90.9,"",999.8,"",1026.0,"",.0,"",.0,""
"350180540","RACIB”RZ","2018","02","18",5.5,"",2.9,"",-.5,"",5.2,"",87.8,"",1001.6,"",1027.8,"",.0,"",.0,""
"350180540","RACIB”RZ","2018","02","19",5.1,"",1.4,"",-3.6,"",3.7,"",81.1,"",998.9,"",1025.4,"",.0,"",.0,""
"350180540","RACIB”RZ","2018","02","20",6.4,"",1.9,"",-3.9,"",3.9,"",85.1,"",993.3,"",1019.6,"",.0,"",.0,""
"350180540","RACIB”RZ","2018","02","21",6.4,"",2.9,"",-2.6,"",4.1,"",80.5,"",995.8,"",1022.0,"",.0,"",.0,""
"350180540","RACIB”RZ","2018","02","22",7.3,"",3.8,"",-2.1,"",3.9,"",74.6,"",997.1,"",1023.3,"",.0,"",.0,""
"350180540","RACIB”RZ","2018","02","23",7.8,"",3.4,"",-3.6,"",3.5,"",75.4,"",997.2,"",1023.7,"",.0,"",.0,""
"350180540","RACIB”RZ","2018","02","24",4.3,"",4.6,"",-6.2,"",2.9,"",73.8,"",999.0,"",1025.8,"",.0,"",.0,""
"350180540","RACIB”RZ","2018","02","25",6.5,"",3.1,"",-10.2,"",1.9,"",66.1,"",1003.0,"",1030.3,"",.0,"",.0,""
"350180540","RACIB”RZ","2018","02","26",4.0,"",3.6,"",-10.9,"",1.8,"",69.9,"",999.4,"",1026.6,"",.0,"",.0,""
"350180540","RACIB”RZ","2018","02","27",6.3,"",4.3,"",-11.2,"",1.8,"",69.0,"",994.4,"",1021.5,"",.0,"",.0,""
"350180540","RACIB”RZ","2018","02","28",6.8,"",3.4,"",-10.3,"",1.9,"",69.3,"",997.7,"",1024.8,"",.0,"",.0,""
"350190550","CZ STOCHOWA","2018","02","01",.0,"8",3.0,"",3.8,"",6.7,"",83.9,"",967.5,"",1003.4,"",.9,"",2.5,""
"350190550","CZ STOCHOWA","2018","02","02",.0,"8",1.4,"",1.4,"",6.1,"",91.4,"",970.9,"",1007.3,"",.2,"",.0,""
"350190550","CZ STOCHOWA","2018","02","03",.0,"8",1.5,"",.1,"",5.1,"",83.8,"",969.7,"",1006.2,"",.0,"",.1,""
"350190550","CZ STOCHOWA","2018","02","04",.0,"8",2.5,"",-.5,"",5.7,"",96.0,"",978.0,"",1014.9,"",3.5,"",.0,""
"350190550","CZ STOCHOWA","2018","02","05",.0,"8",2.8,"",-5.0,"",3.5,"",81.4,"",988.8,"",1026.7,"",.0,"",.0,""
"350190550","CZ STOCHOWA","2018","02","06",.0,"8",1.8,"",-6.7,"",2.7,"",73.4,"",985.0,"",1023.1,"",.0,"",.0,""
"350190550","CZ STOCHOWA","2018","02","07",.0,"8",2.3,"",-2.5,"",4.0,"",78.4,"",980.2,"",1017.4,"",.0,"",.1,""
"350190550","CZ STOCHOWA","2018","02","08",.0,"8",2.8,"",-2.7,"",4.7,"",93.9,"",980.8,"",1018.2,"",.0,"",.0,""
"350190550","CZ STOCHOWA","2018","02","09",.0,"8",1.4,"",-3.6,"",3.7,"",79.6,"",982.5,"",1020.0,"",.0,"",.0,""
"350190550","CZ STOCHOWA","2018","02","10",.0,"8",1.0,"",-2.3,"",4.4,"",85.0,"",981.2,"",1018.4,"",.0,"",.0,""
"350190550","CZ STOCHOWA","2018","02","11",.0,"8",2.0,"",-.9,"",4.3,"",76.0,"",974.6,"",1011.4,"",.0,"",.0,""
"350190550","CZ STOCHOWA","2018","02","12",.0,"8",1.6,"",1.0,"",5.3,"",81.0,"",974.8,"",1011.4,"",.0,"",.0,""
"350190550","CZ STOCHOWA","2018","02","13",.0,"8",1.6,"",-.6,"",5.0,"",85.4,"",980.9,"",1017.9,"",.0,"",.0,""
"350190550","CZ STOCHOWA","2018","02","14",.0,"8",2.5,"",-1.3,"",5.1,"",91.4,"",982.4,"",1019.5,"",.0,"",.2,""
"350190550","CZ STOCHOWA","2018","02","15",.0,"8",1.8,"",-2.0,"",4.7,"",89.6,"",986.7,"",1024.1,"",.0,"",.0,""
"350190550","CZ STOCHOWA","2018","02","16",.0,"8",2.4,"",-.3,"",5.2,"",86.5,"",986.7,"",1023.8,"",.0,"",.1,""
"350190550","CZ STOCHOWA","2018","02","17",.0,"8",1.8,"",-.2,"",4.8,"",80.8,"",988.3,"",1025.5,"",.0,"",.0,""
"350190550","CZ STOCHOWA","2018","02","18",.0,"8",2.6,"",-.4,"",5.0,"",84.0,"",990.3,"",1027.7,"",.0,"",.0,""
"350190550","CZ STOCHOWA","2018","02","19",.0,"8",1.6,"",-.5,"",4.0,"",68.6,"",988.3,"",1025.5,"",.0,"",.0,""
"350190550","CZ STOCHOWA","2018","02","20",.0,"8",2.8,"",-2.2,"",3.7,"",72.1,"",983.1,"",1020.4,"",.0,"",.0,""
"350190550","CZ STOCHOWA","2018","02","21",.0,"8",2.3,"",-3.3,"",3.8,"",79.0,"",984.9,"",1022.4,"",.0,"",.0,""
"350190550","CZ STOCHOWA","2018","02","22",.0,"8",3.1,"",-4.2,"",3.3,"",74.6,"",986.9,"",1024.6,"",.0,"",.0,""
"350190550","CZ STOCHOWA","2018","02","23",.0,"8",2.5,"",-6.3,"",3.1,"",80.3,"",987.0,"",1025.1,"",.0,"",.0,""
"350190550","CZ STOCHOWA","2018","02","24",.0,"8",4.0,"",-8.0,"",2.7,"",79.0,"",987.4,"",1025.7,"",.0,"",.0,""
"350190550","CZ STOCHOWA","2018","02","25",.0,"8",3.4,"",-11.6,"",1.8,"",71.0,"",987.4,"",1026.2,"",.0,"",.0,""
"350190550","CZ STOCHOWA","2018","02","26",.0,"8",2.5,"",-11.7,"",1.7,"",67.6,"",987.7,"",1026.6,"",.0,"",.0,""
"350190550","CZ STOCHOWA","2018","02","27",.0,"8",3.6,"",-12.1,"",1.6,"",67.6,"",984.2,"",1023.0,"",.0,"",.0,""
"350190550","CZ STOCHOWA","2018","02","28",.0,"8",3.3,"",-11.6,"",1.8,"",70.3,"",987.2,"",1026.0,"",.0,"",.0,""
"350190560","KATOWICE","2018","02","01",7.5,"",2.6,"",4.7,"",6.9,"",81.0,"",969.8,"",1003.8,"",2.3,"",5.4,""
"350190560","KATOWICE","2018","02","02",7.5,"",1.6,"",1.6,"",6.2,"",90.9,"",973.3,"",1007.7,"",.0,"",.0,""
"350190560","KATOWICE","2018","02","03",6.6,"",.9,"",-.1,"",5.2,"",86.1,"",971.2,"",1005.8,"",.0,"",2.8,""
"350190560","KATOWICE","2018","02","04",8.0,"",1.1,"",.2,"",5.8,"",92.4,"",979.8,"",1014.7,"",1.9,"",.3,""
"350190560","KATOWICE","2018","02","05",6.1,"",1.3,"",-3.4,"",3.8,"",79.4,"",990.6,"",1026.4,"",.0,"",.0,""
"350190560","KATOWICE","2018","02","06",2.1,"",1.3,"",-7.5,"",2.6,"",75.1,"",987.0,"",1023.2,"",.0,"",.0,""
"350190560","KATOWICE","2018","02","07",6.4,"",1.6,"",-2.7,"",4.2,"",82.5,"",981.8,"",1017.1,"",1.0,"",.7,""
"350190560","KATOWICE","2018","02","08",8.0,"",1.5,"",-1.4,"",5.0,"",91.6,"",982.4,"",1017.6,"",.0,"",.0,""
"350190560","KATOWICE","2018","02","09",7.0,"",.9,"",-1.5,"",4.3,"",79.1,"",984.2,"",1019.5,"",.0,"",.0,""
"350190560","KATOWICE","2018","02","10",8.0,"",1.0,"",-1.2,"",4.7,"",84.0,"",982.9,"",1018.0,"",.0,"",.0,""
"350190560","KATOWICE","2018","02","11",7.4,"",2.1,"",-.8,"",4.7,"",81.4,"",976.9,"",1011.8,"",.0,"",.0,""
"350190560","KATOWICE","2018","02","12",7.3,"",1.8,"",.5,"",5.4,"",85.8,"",977.1,"",1011.8,"",.0,"",.0,""
"350190560","KATOWICE","2018","02","13",7.4,"",.8,"",.3,"",5.1,"",81.9,"",982.5,"",1017.5,"",.0,"",.2,""
"350190560","KATOWICE","2018","02","14",7.6,"",1.9,"",-.9,"",4.9,"",85.4,"",983.7,"",1018.8,"",.1,"",.0,""
"350190560","KATOWICE","2018","02","15",7.5,"",1.8,"",-1.3,"",4.6,"",84.3,"",988.5,"",1023.9,"",.0,"",.0,""
"350190560","KATOWICE","2018","02","16",6.6,"",3.5,"",-1.0,"",5.2,"",90.9,"",989.5,"",1024.9,"",.2,"",.0,""
"350190560","KATOWICE","2018","02","17",6.8,"",1.3,"",-.3,"",5.1,"",85.8,"",990.6,"",1025.9,"",.0,"",.0,""
"350190560","KATOWICE","2018","02","18",7.4,"",1.3,"",.3,"",4.9,"",77.9,"",992.1,"",1027.4,"",.0,"",.0,""
"350190560","KATOWICE","2018","02","19",6.3,"",2.4,"",-.2,"",3.8,"",63.8,"",989.9,"",1025.2,"",.0,"",.0,""
"350190560","KATOWICE","2018","02","20",6.8,"",3.0,"",-2.2,"",3.8,"",74.3,"",984.2,"",1019.6,"",.0,"",.0,""
"350190560","KATOWICE","2018","02","21",6.6,"",1.8,"",-3.1,"",3.8,"",78.8,"",986.5,"",1022.0,"",.0,"",.0,""
"350190560","KATOWICE","2018","02","22",7.3,"",3.1,"",-2.9,"",3.8,"",76.8,"",988.3,"",1023.9,"",.0,"",.0,""
"350190560","KATOWICE","2018","02","23",7.8,"",2.3,"",-4.3,"",3.5,"",79.8,"",988.1,"",1023.9,"",.0,"",.0,""
"350190560","KATOWICE","2018","02","24",5.1,"",2.3,"",-7.4,"",2.7,"",77.3,"",989.2,"",1025.4,"",.1,"",.0,""
"350190560","KATOWICE","2018","02","25",5.4,"",1.9,"",-11.3,"",1.9,"",71.5,"",993.5,"",1030.4,"",.0,"",.0,""
"350190560","KATOWICE","2018","02","26",5.4,"",2.5,"",-11.2,"",1.9,"",75.4,"",990.1,"",1026.8,"",.0,"",.0,""
"350190560","KATOWICE","2018","02","27",6.4,"",4.8,"",-12.0,"",1.7,"",69.5,"",985.2,"",1021.9,"",.0,"",.0,""
"350190560","KATOWICE","2018","02","28",7.1,"",3.6,"",-11.0,"",2.0,"",74.8,"",988.4,"",1025.1,"",.1,"",.0,""
"350190566","KRAK”W-BALICE","2018","02","01",7.8,"",1.3,"",4.0,"",6.9,"",84.6,"",974.5,"",1003.9,"",.1,"",4.0,""
"350190566","KRAK”W-BALICE","2018","02","02",7.3,"",1.4,"",2.1,"",6.6,"",92.5,"",978.0,"",1007.7,"",.0,"",.0,""
"350190566","KRAK”W-BALICE","2018","02","03",6.1,"",1.3,"",-.7,"",5.5,"",95.1,"",976.0,"",1006.0,"",.0,"",.0,""
"350190566","KRAK”W-BALICE","2018","02","04",7.9,"",1.9,"",-.7,"",5.6,"",95.9,"",984.3,"",1014.5,"",.3,"",.1,""
"350190566","KRAK”W-BALICE","2018","02","05",6.0,"",3.0,"",-2.5,"",3.8,"",73.3,"",994.9,"",1025.7,"",.0,"",.0,""
"350190566","KRAK”W-BALICE","2018","02","06",1.3,"",2.1,"",-5.7,"",2.9,"",73.9,"",992.0,"",1023.1,"",.0,"",.0,""
"350190566","KRAK”W-BALICE","2018","02","07",6.0,"",3.1,"",-3.1,"",4.3,"",88.6,"",986.9,"",1017.6,"",1.8,"",1.5,""
"350190566","KRAK”W-BALICE","2018","02","08",8.0,"",1.9,"",-1.3,"",5.4,"",95.8,"",986.8,"",1017.1,"",.1,"",.2,""
"350190566","KRAK”W-BALICE","2018","02","09",7.9,"",2.5,"",-1.4,"",5.0,"",90.8,"",988.8,"",1019.3,"",.0,"",.0,""
"350190566","KRAK”W-BALICE","2018","02","10",8.0,"",2.1,"",-1.5,"",5.0,"",91.8,"",987.6,"",1018.0,"",.0,"",.0,""
"350190566","KRAK”W-BALICE","2018","02","11",7.5,"",1.8,"",-1.3,"",4.9,"",88.9,"",982.1,"",1012.3,"",.0,"",.0,""
"350190566","KRAK”W-BALICE","2018","02","12",7.3,"",1.4,"",.1,"",5.6,"",90.6,"",981.9,"",1012.0,"",.0,"",.0,""
"350190566","KRAK”W-BALICE","2018","02","13",7.6,"",1.6,"",.0,"",5.6,"",91.5,"",987.1,"",1017.3,"",.0,"",.1,""
"350190566","KRAK”W-BALICE","2018","02","14",8.0,"",3.6,"",-.8,"",5.3,"",91.5,"",988.0,"",1018.4,"",.1,"",.3,""
"350190566","KRAK”W-BALICE","2018","02","15",7.4,"",2.8,"",-1.6,"",4.9,"",90.3,"",993.3,"",1024.0,"",.0,"",.0,""
"350190566","KRAK”W-BALICE","2018","02","16",6.1,"",2.6,"",-1.3,"",5.3,"",93.9,"",994.3,"",1025.0,"",.1,"",.1,""
"350190566","KRAK”W-BALICE","2018","02","17",6.4,"",1.4,"",-.1,"",5.3,"",87.9,"",995.3,"",1025.8,"",.0,"",.0,""
"350190566","KRAK”W-BALICE","2018","02","18",7.6,"",2.5,"",.4,"",4.9,"",78.8,"",996.5,"",1027.0,"",.0,"",.0,""
"350190566","KRAK”W-BALICE","2018","02","19",4.4,"",3.5,"",-.7,"",3.8,"",66.4,"",994.9,"",1025.5,"",.0,"",.0,""
"350190566","KRAK”W-BALICE","2018","02","20",6.9,"",5.0,"",-3.2,"",4.0,"",82.3,"",989.2,"",1019.9,"",.0,"",.0,""
"350190566","KRAK”W-BALICE","2018","02","21",7.1,"",2.4,"",-3.4,"",4.0,"",84.6,"",991.0,"",1021.8,"",.0,"",.0,""
"350190566","KRAK”W-BALICE","2018","02","22",8.0,"",5.1,"",-2.6,"",4.0,"",79.5,"",993.0,"",1023.7,"",.0,"",.0,""
"350190566","KRAK”W-BALICE","2018","02","23",7.8,"",4.5,"",-3.9,"",3.8,"",83.3,"",992.7,"",1023.5,"",.0,"",.0,""
"350190566","KRAK”W-BALICE","2018","02","24",5.8,"",3.4,"",-7.4,"",2.8,"",79.3,"",993.5,"",1024.8,"",.2,"",.5,""
"350190566","KRAK”W-BALICE","2018","02","25",6.3,"",2.5,"",-11.8,"",1.9,"",76.5,"",998.2,"",1030.2,"",.0,"",.1,""
"350190566","KRAK”W-BALICE","2018","02","26",6.9,"",4.1,"",-11.4,"",2.0,"",78.9,"",994.9,"",1026.8,"",.0,"",.0,""
"350190566","KRAK”W-BALICE","2018","02","27",7.8,"",6.6,"",-12.1,"",1.9,"",75.4,"",990.0,"",1021.8,"",.0,"",.1,""
"350190566","KRAK”W-BALICE","2018","02","28",7.3,"",4.6,"",-11.4,"",2.0,"",78.1,"",993.2,"",1025.0,"",.0,"",.0,""
"350200570","KIELCE-SUK”W","2018","02","01",7.9,"",2.0,"",3.5,"",6.8,"",85.9,"",972.5,"",1004.3,"",2.8,"",5.2,""
"350200570","KIELCE-SUK”W","2018","02","02",8.0,"",1.4,"",1.5,"",6.5,"",95.5,"",975.3,"",1007.4,"",.0,"",.0,""
"350200570","KIELCE-SUK”W","2018","02","03",7.8,"",1.3,"",-.9,"",5.5,"",96.3,"",973.9,"",1006.3,"",.0,"",.0,""
"350200570","KIELCE-SUK”W","2018","02","04",7.3,"",1.9,"",-1.0,"",4.7,"",83.3,"",981.6,"",1014.3,"",.0,"",.0,""
"350200570","KIELCE-SUK”W","2018","02","05",4.8,"",2.9,"",-4.5,"",3.1,"",71.3,"",992.0,"",1025.5,"",.3,"",.1,""
"350200570","KIELCE-SUK”W","2018","02","06",2.9,"",1.6,"",-6.9,"",2.7,"",75.8,"",989.7,"",1023.4,"",.0,"",.0,""
"350200570","KIELCE-SUK”W","2018","02","07",6.0,"",2.1,"",-4.2,"",3.8,"",83.5,"",985.5,"",1018.7,"",.6,"",6.6,""
"350200570","KIELCE-SUK”W","2018","02","08",8.0,"",2.9,"",-1.6,"",5.1,"",93.1,"",984.0,"",1016.8,"",.0,"",.0,""
"350200570","KIELCE-SUK”W","2018","02","09",7.9,"",2.3,"",-2.3,"",4.7,"",91.1,"",986.1,"",1019.1,"",.0,"",.0,""
"350200570","KIELCE-SUK”W","2018","02","10",8.0,"",1.0,"",-3.3,"",4.4,"",91.3,"",985.5,"",1018.6,"",.0,"",.0,""
"350200570","KIELCE-SUK”W","2018","02","11",7.3,"",2.6,"",-2.9,"",4.3,"",87.6,"",980.1,"",1013.0,"",.0,"",.0,""
"350200570","KIELCE-SUK”W","2018","02","12",7.8,"",1.0,"",-1.5,"",4.9,"",90.0,"",979.3,"",1012.0,"",.0,"",.0,""
"350200570","KIELCE-SUK”W","2018","02","13",7.1,"",1.4,"",-1.6,"",4.5,"",83.5,"",984.9,"",1017.8,"",.0,"",.0,""
"350200570","KIELCE-SUK”W","2018","02","14",7.9,"",2.6,"",-1.2,"",4.9,"",87.4,"",986.1,"",1019.0,"",.4,"",.4,""
"350200570","KIELCE-SUK”W","2018","02","15",7.9,"",1.8,"",-3.0,"",4.2,"",86.0,"",991.4,"",1024.7,"",.0,"",.0,""
"350200570","KIELCE-SUK”W","2018","02","16",6.5,"",1.8,"",-1.8,"",4.7,"",88.8,"",991.2,"",1024.4,"",.0,"",.1,""
"350200570","KIELCE-SUK”W","2018","02","17",5.1,"",1.4,"",-1.8,"",4.6,"",86.0,"",992.4,"",1025.5,"",.0,"",.0,""
"350200570","KIELCE-SUK”W","2018","02","18",6.5,"",2.8,"",-.2,"",4.5,"",74.3,"",993.6,"",1026.6,"",.0,"",.0,""
"350200570","KIELCE-SUK”W","2018","02","19",4.5,"",1.4,"",-3.0,"",3.7,"",76.5,"",993.1,"",1026.5,"",.0,"",.0,""
"350200570","KIELCE-SUK”W","2018","02","20",5.1,"",2.9,"",-3.1,"",3.4,"",70.8,"",987.9,"",1021.1,"",.0,"",.0,""
"350200570","KIELCE-SUK”W","2018","02","21",4.9,"",2.6,"",-3.5,"",3.6,"",76.8,"",988.9,"",1022.1,"",.0,"",.0,""
"350200570","KIELCE-SUK”W","2018","02","22",7.4,"",3.0,"",-3.9,"",3.5,"",75.5,"",991.3,"",1024.7,"",.0,"",.0,""
"350200570","KIELCE-SUK”W","2018","02","23",6.4,"",2.0,"",-5.9,"",3.2,"",80.4,"",990.9,"",1024.6,"",.0,"",.1,""
"350200570","KIELCE-SUK”W","2018","02","24",4.4,"",3.1,"",-9.0,"",2.4,"",75.6,"",990.7,"",1024.7,"",.1,"",.0,""
"350200570","KIELCE-SUK”W","2018","02","25",4.4,"",3.0,"",-12.0,"",1.8,"",73.6,"",995.5,"",1030.0,"",.0,"",.1,""
"350200570","KIELCE-SUK”W","2018","02","26",5.8,"",2.3,"",-12.9,"",1.7,"",74.6,"",993.1,"",1027.7,"",.0,"",.1,""
"350200570","KIELCE-SUK”W","2018","02","27",6.1,"",3.4,"",-12.9,"",1.7,"",73.3,"",988.9,"",1023.4,"",.0,"",.0,""
"350200570","KIELCE-SUK”W","2018","02","28",6.4,"",3.1,"",-12.1,"",1.8,"",73.0,"",991.3,"",1025.8,"",.0,"",.0,""
"350200575","TARN”W","2018","02","01",.0,"8",2.8,"",6.2,"",6.1,"",64.4,"",979.2,"",1004.5,"",.0,"",1.5,""
"350200575","TARN”W","2018","02","02",.0,"8",1.0,"",2.6,"",6.4,"",86.4,"",981.9,"",1007.7,"",1.7,"",1.1,""
"350200575","TARN”W","2018","02","03",.0,"8",1.0,"",-.3,"",5.4,"",90.5,"",980.0,"",1006.0,"",.0,"",.0,""
"350200575","TARN”W","2018","02","04",.0,"8",1.5,"",.1,"",5.0,"",81.9,"",987.9,"",1014.1,"",.0,"",.1,""
"350200575","TARN”W","2018","02","05",.0,"8",1.4,"",-2.8,"",3.9,"",77.0,"",998.5,"",1025.2,"",.7,"",.0,""
"350200575","TARN”W","2018","02","06",.0,"8",1.0,"",-6.7,"",2.7,"",72.9,"",996.6,"",1023.7,"",.0,"",.0,""
"350200575","TARN”W","2018","02","07",.0,"8",1.6,"",-2.8,"",4.1,"",82.1,"",991.4,"",1017.9,"",1.3,"",.1,""
"350200575","TARN”W","2018","02","08",.0,"8",1.5,"",-1.1,"",5.2,"",92.1,"",990.0,"",1016.3,"",.9,"",.6,""
"350200575","TARN”W","2018","02","09",.0,"8",1.3,"",-1.6,"",4.8,"",89.3,"",992.6,"",1019.0,"",.0,"",.0,""
"350200575","TARN”W","2018","02","10",.0,"8",1.0,"",-2.0,"",4.6,"",87.5,"",991.9,"",1018.4,"",.0,"",.0,""
"350200575","TARN”W","2018","02","11",.0,"8",.9,"",-1.7,"",4.3,"",80.8,"",986.8,"",1013.1,"",.0,"",.0,""
"350200575","TARN”W","2018","02","12",.0,"8",.8,"",-.3,"",5.0,"",83.8,"",986.1,"",1012.2,"",.1,"",.0,""
"350200575","TARN”W","2018","02","13",.0,"8",.6,"",-.1,"",5.4,"",88.4,"",991.0,"",1017.3,"",.0,"",.1,""
"350200575","TARN”W","2018","02","14",.0,"8",1.8,"",-.6,"",5.1,"",87.8,"",991.6,"",1017.9,"",.6,"",.1,""
"350200575","TARN”W","2018","02","15",.0,"8",1.1,"",-2.3,"",4.5,"",86.3,"",997.7,"",1024.4,"",.0,"",.0,""
"350200575","TARN”W","2018","02","16",.0,"8",1.1,"",-.6,"",4.8,"",82.0,"",998.5,"",1025.0,"",.6,"",.0,""
"350200575","TARN”W","2018","02","17",.0,"8",.6,"",-.3,"",4.6,"",77.9,"",999.4,"",1025.9,"",.0,"",.0,""
"350200575","TARN”W","2018","02","18",.0,"8",1.3,"",-.5,"",4.5,"",77.5,"",1000.1,"",1026.6,"",.0,"",.0,""
"350200575","TARN”W","2018","02","19",.0,"8",1.3,"",-2.3,"",3.3,"",66.5,"",999.6,"",1026.3,"",.0,"",.0,""
"350200575","TARN”W","2018","02","20",.0,"8",1.9,"",-3.6,"",3.4,"",72.6,"",993.7,"",1020.4,"",.0,"",.0,""
"350200575","TARN”W","2018","02","21",.0,"8",1.1,"",-3.1,"",3.8,"",77.5,"",994.7,"",1021.4,"",.0,"",.0,""
"350200575","TARN”W","2018","02","22",.0,"8",1.8,"",-2.5,"",3.9,"",77.0,"",997.0,"",1023.6,"",.0,"",.0,""
"350200575","TARN”W","2018","02","23",.0,"8",2.1,"",-3.6,"",3.6,"",76.5,"",996.4,"",1023.2,"",.0,"",.0,""
"350200575","TARN”W","2018","02","24",.0,"8",1.9,"",-7.1,"",2.8,"",75.8,"",997.0,"",1024.1,"",.2,"",.0,""
"350200575","TARN”W","2018","02","25",.0,"8",1.6,"",-11.3,"",2.0,"",77.4,"",1001.8,"",1029.5,"",.0,"",.0,""
"350200575","TARN”W","2018","02","26",.0,"8",1.9,"",-11.2,"",1.9,"",73.0,"",999.2,"",1026.8,"",.0,"",.0,""
"350200575","TARN”W","2018","02","27",.0,"8",3.0,"",-12.9,"",1.6,"",68.5,"",994.3,"",1022.0,"",.0,"",.0,""
"350200575","TARN”W","2018","02","28",.0,"8",.0,"8",-11.8,"",1.8,"",72.8,"",997.2,"",1024.8,"",.0,"",.0,""
"350210585","SANDOMIERZ","2018","02","01",.0,"8",3.4,"",4.2,"",6.5,"",78.0,"",978.0,"",1004.7,"",.4,"",.8,""
"350210585","SANDOMIERZ","2018","02","02",.0,"8",1.4,"",2.1,"",6.7,"",94.1,"",980.2,"",1007.2,"",.4,"",.3,""
"350210585","SANDOMIERZ","2018","02","03",.0,"8",2.1,"",.0,"",5.7,"",93.6,"",978.9,"",1006.0,"",.0,"",.0,""
"350210585","SANDOMIERZ","2018","02","04",.0,"8",3.3,"",-.4,"",4.9,"",83.3,"",986.2,"",1013.6,"",.0,"",.0,""
"350210585","SANDOMIERZ","2018","02","05",.0,"8",3.0,"",-3.8,"",3.4,"",72.9,"",996.8,"",1024.8,"",.0,"",.0,""
"350210585","SANDOMIERZ","2018","02","06",.0,"8",2.4,"",-5.9,"",2.8,"",72.1,"",995.2,"",1023.4,"",.0,"",.0,""
"350210585","SANDOMIERZ","2018","02","07",.0,"8",2.4,"",-5.0,"",3.7,"",84.9,"",991.3,"",1019.3,"",.4,"",2.2,""
"350210585","SANDOMIERZ","2018","02","08",.0,"8",3.8,"",-1.1,"",5.4,"",96.3,"",988.4,"",1015.9,"",.0,"",.0,""
"350210585","SANDOMIERZ","2018","02","09",.0,"8",4.0,"",-2.5,"",4.8,"",93.9,"",990.8,"",1018.6,"",.0,"",.0,""
"350210585","SANDOMIERZ","2018","02","10",.0,"8",1.9,"",-2.6,"",4.6,"",90.4,"",990.6,"",1018.3,"",.0,"",.0,""
"350210585","SANDOMIERZ","2018","02","11",.0,"8",1.9,"",-2.2,"",4.4,"",85.3,"",985.8,"",1013.4,"",.0,"",.0,""
"350210585","SANDOMIERZ","2018","02","12",.0,"8",1.9,"",-1.2,"",5.2,"",92.0,"",984.6,"",1012.1,"",.0,"",.0,""
"350210585","SANDOMIERZ","2018","02","13",.0,"8",1.8,"",-.5,"",4.6,"",89.7,"",989.8,"",1017.3,"",.0,"",.0,""
"350210585","SANDOMIERZ","2018","02","14",.0,"8",2.8,"",-1.3,"",5.1,"",91.4,"",991.1,"",1018.7,"",.8,"",.2,""
"350210585","SANDOMIERZ","2018","02","15",.0,"8",2.1,"",-3.1,"",4.3,"",87.8,"",996.8,"",1024.8,"",.1,"",.0,""
"350210585","SANDOMIERZ","2018","02","16",.0,"8",2.9,"",-1.1,"",4.8,"",85.3,"",996.7,"",1024.4,"",.0,"",.0,""
"350210585","SANDOMIERZ","2018","02","17",.0,"8",3.1,"",-.4,"",5.0,"",85.1,"",997.4,"",1025.1,"",.1,"",.0,""
"350210585","SANDOMIERZ","2018","02","18",.0,"8",2.8,"",-.2,"",4.9,"",80.8,"",998.3,"",1026.0,"",.0,"",.0,""
"350210585","SANDOMIERZ","2018","02","19",.0,"8",2.0,"",-2.3,"",3.7,"",72.6,"",998.6,"",1026.6,"",.0,"",.0,""
"350210585","SANDOMIERZ","2018","02","20",.0,"8",3.0,"",-3.4,"",3.4,"",73.0,"",993.6,"",1021.6,"",.0,"",.0,""
"350210585","SANDOMIERZ","2018","02","21",.0,"8",2.4,"",-2.8,"",3.9,"",77.4,"",993.8,"",1021.6,"",.0,"",.0,""
"350210585","SANDOMIERZ","2018","02","22",.0,"8",3.1,"",-3.2,"",3.8,"",79.9,"",996.5,"",1024.4,"",.0,"",.0,""
"350210585","SANDOMIERZ","2018","02","23",.0,"8",3.0,"",-4.4,"",3.5,"",79.3,"",995.9,"",1024.0,"",.0,"",.0,""
"350210585","SANDOMIERZ","2018","02","24",.0,"8",3.1,"",-8.9,"",2.5,"",79.4,"",995.5,"",1024.1,"",.2,"",.0,""
"350210585","SANDOMIERZ","2018","02","25",.0,"8",3.3,"",-12.3,"",1.9,"",80.1,"",1000.3,"",1029.4,"",.0,"",.0,""
"350210585","SANDOMIERZ","2018","02","26",.0,"8",2.1,"",-12.4,"",1.7,"",73.3,"",998.5,"",1027.6,"",.0,"",.0,""
"350210585","SANDOMIERZ","2018","02","27",.0,"8",3.6,"",-12.3,"",1.6,"",68.3,"",994.4,"",1023.3,"",.0,"",.0,""
"350210585","SANDOMIERZ","2018","02","28",.0,"8",3.3,"",-11.9,"",1.9,"",76.0,"",996.5,"",1025.4,"",.0,"",.0,""
"350220580","RZESZ”W-JASIONKA","2018","02","01",7.0,"",7.1,"",6.0,"",6.5,"",69.1,"",978.9,"",1005.3,"",.0,"",.4,""
"350220580","RZESZ”W-JASIONKA","2018","02","02",7.9,"",2.8,"",2.3,"",6.7,"",92.4,"",980.7,"",1007.5,"",6.8,"",7.5,""
"350220580","RZESZ”W-JASIONKA","2018","02","03",8.0,"",2.1,"",.0,"",6.0,"",97.6,"",978.8,"",1005.8,"",.8,"",3.9,""
"350220580","RZESZ”W-JASIONKA","2018","02","04",7.5,"",3.1,"",-.5,"",5.4,"",91.3,"",986.3,"",1013.5,"",.0,"",.3,""
"350220580","RZESZ”W-JASIONKA","2018","02","05",6.6,"",3.3,"",-4.0,"",4.0,"",85.6,"",997.1,"",1024.9,"",.8,"",.0,""
"350220580","RZESZ”W-JASIONKA","2018","02","06",.3,"",2.5,"",-9.6,"",2.4,"",81.3,"",996.0,"",1024.5,"",.0,"",.0,""
"350220580","RZESZ”W-JASIONKA","2018","02","07",5.1,"",4.4,"",-6.6,"",3.5,"",88.9,"",991.6,"",1019.6,"",1.7,"",.3,""
"350220580","RZESZ”W-JASIONKA","2018","02","08",8.0,"",3.6,"",-.7,"",5.6,"",96.3,"",988.1,"",1015.4,"",1.0,"",.5,""
"350220580","RZESZ”W-JASIONKA","2018","02","09",8.0,"",3.8,"",-1.9,"",5.0,"",94.1,"",990.8,"",1018.2,"",.4,"",.0,""
"350220580","RZESZ”W-JASIONKA","2018","02","10",7.9,"",2.4,"",-2.6,"",4.7,"",92.5,"",990.8,"",1018.3,"",.0,"",.0,""
"350220580","RZESZ”W-JASIONKA","2018","02","11",8.0,"",2.0,"",-3.0,"",4.5,"",91.3,"",986.3,"",1013.7,"",.0,"",.0,""
"350220580","RZESZ”W-JASIONKA","2018","02","12",7.8,"",2.5,"",-.7,"",5.2,"",88.9,"",985.2,"",1012.4,"",.0,"",.0,""
"350220580","RZESZ”W-JASIONKA","2018","02","13",7.3,"",2.4,"",.3,"",5.6,"",90.9,"",989.7,"",1017.0,"",.1,"",.0,""
"350220580","RZESZ”W-JASIONKA","2018","02","14",8.0,"",3.6,"",-.9,"",5.2,"",90.9,"",990.5,"",1017.8,"",1.4,"",.6,""
"350220580","RZESZ”W-JASIONKA","2018","02","15",7.5,"",2.5,"",-2.5,"",4.5,"",87.4,"",996.8,"",1024.5,"",.0,"",.0,""
"350220580","RZESZ”W-JASIONKA","2018","02","16",6.9,"",3.8,"",-1.2,"",5.0,"",87.9,"",997.6,"",1025.1,"",.5,"",.2,""
"350220580","RZESZ”W-JASIONKA","2018","02","17",5.1,"",3.1,"",-.7,"",4.9,"",85.0,"",998.4,"",1025.9,"",.0,"",.0,""
"350220580","RZESZ”W-JASIONKA","2018","02","18",7.4,"",3.3,"",-1.2,"",4.5,"",80.6,"",998.5,"",1026.1,"",.1,"",.0,""
"350220580","RZESZ”W-JASIONKA","2018","02","19",3.0,"",2.4,"",-3.1,"",3.7,"",76.5,"",998.9,"",1026.7,"",.0,"",.0,""
"350220580","RZESZ”W-JASIONKA","2018","02","20",6.1,"",5.3,"",-4.7,"",3.3,"",76.9,"",993.4,"",1021.2,"",.0,"",.0,""
"350220580","RZESZ”W-JASIONKA","2018","02","21",8.0,"",2.6,"",-2.8,"",3.9,"",77.5,"",993.4,"",1021.0,"",.0,"",.0,""
"350220580","RZESZ”W-JASIONKA","2018","02","22",8.0,"",3.9,"",-2.7,"",4.1,"",82.3,"",995.7,"",1023.4,"",.0,"",.1,""
"350220580","RZESZ”W-JASIONKA","2018","02","23",7.1,"",4.1,"",-4.1,"",3.6,"",79.1,"",995.4,"",1023.2,"",.0,"",.0,""
"350220580","RZESZ”W-JASIONKA","2018","02","24",6.4,"",3.4,"",-8.1,"",2.7,"",80.9,"",995.4,"",1023.6,"",.1,"",.5,""
"350220580","RZESZ”W-JASIONKA","2018","02","25",7.3,"",3.1,"",-11.6,"",2.0,"",79.3,"",1000.1,"",1028.9,"",.0,"",.1,""
"350220580","RZESZ”W-JASIONKA","2018","02","26",4.8,"",3.1,"",-13.6,"",1.7,"",76.1,"",998.3,"",1027.2,"",.0,"",.0,""
"350220580","RZESZ”W-JASIONKA","2018","02","27",5.8,"",5.8,"",-13.3,"",1.6,"",70.6,"",993.5,"",1022.3,"",.0,"",.0,""
"350220580","RZESZ”W-JASIONKA","2018","02","28",7.4,"",3.9,"",-12.0,"",1.9,"",76.3,"",995.9,"",1024.6,"",.0,"",.0,""
"350230595","ZAMOå∆","2018","02","01",.0,"8",5.3,"",4.9,"",6.3,"",72.5,"",978.4,"",1005.5,"",.0,"",.0,""
"350230595","ZAMOå∆","2018","02","02",.0,"8",2.5,"",2.5,"",6.8,"",92.6,"",979.5,"",1006.9,"",4.1,"",5.4,""
"350230595","ZAMOå∆","2018","02","03",.0,"8",2.5,"",-.2,"",5.9,"",97.0,"",978.1,"",1005.7,"",.0,"",2.4,""
"350230595","ZAMOå∆","2018","02","04",.0,"8",4.9,"",-1.4,"",4.8,"",86.4,"",984.8,"",1012.7,"",.0,"",.0,""
"350230595","ZAMOå∆","2018","02","05",.0,"8",3.6,"",-5.4,"",3.4,"",80.1,"",995.5,"",1024.1,"",.8,"",.0,""
"350230595","ZAMOå∆","2018","02","06",.0,"8",3.6,"",-7.6,"",2.7,"",79.0,"",995.1,"",1023.9,"",.0,"",.0,""
"350230595","ZAMOå∆","2018","02","07",.0,"8",3.1,"",-7.2,"",3.4,"",87.8,"",992.3,"",1021.0,"",.0,"",.0,""
"350230595","ZAMOå∆","2018","02","08",.0,"8",3.3,"",.2,"",6.1,"",97.3,"",987.4,"",1015.2,"",.0,"",.3,""
"350230595","ZAMOå∆","2018","02","09",.0,"8",5.0,"",-1.7,"",5.2,"",95.1,"",989.1,"",1017.2,"",.2,"",3.4,""
"350230595","ZAMOå∆","2018","02","10",.0,"8",2.5,"",-2.7,"",4.6,"",91.8,"",989.6,"",1017.8,"",.4,"",.0,""
"350230595","ZAMOå∆","2018","02","11",.0,"8",1.9,"",-3.2,"",4.4,"",90.6,"",985.9,"",1014.0,"",.0,"",.0,""
"350230595","ZAMOå∆","2018","02","12",.0,"8",1.5,"",-1.3,"",5.0,"",89.1,"",984.7,"",1012.6,"",.2,"",1.1,""
"350230595","ZAMOå∆","2018","02","13",.0,"8",2.6,"",-.1,"",5.6,"",91.9,"",989.2,"",1017.1,"",.1,"",.2,""
"350230595","ZAMOå∆","2018","02","14",.0,"8",3.9,"",-2.0,"",4.9,"",92.4,"",990.9,"",1019.1,"",.6,"",.5,""
"350230595","ZAMOå∆","2018","02","15",.0,"8",3.6,"",-4.3,"",3.9,"",87.8,"",996.9,"",1025.4,"",.1,"",.0,""
"350230595","ZAMOå∆","2018","02","16",.0,"8",4.0,"",-1.5,"",4.6,"",83.6,"",996.4,"",1024.7,"",.0,"",.0,""
"350230595","ZAMOå∆","2018","02","17",.0,"8",5.0,"",-.3,"",5.0,"",84.3,"",996.7,"",1024.9,"",.0,"",.0,""
"350230595","ZAMOå∆","2018","02","18",.0,"8",4.1,"",-1.2,"",4.6,"",82.1,"",997.1,"",1025.4,"",.0,"",.0,""
"350230595","ZAMOå∆","2018","02","19",.0,"8",2.0,"",-5.0,"",3.2,"",75.3,"",998.6,"",1027.3,"",.0,"",.0,""
"350230595","ZAMOå∆","2018","02","20",.0,"8",3.6,"",-6.9,"",2.9,"",80.1,"",994.5,"",1023.3,"",.0,"",.0,""
"350230595","ZAMOå∆","2018","02","21",.0,"8",2.8,"",-3.5,"",3.9,"",82.0,"",993.3,"",1021.7,"",.0,"",.0,""
"350230595","ZAMOå∆","2018","02","22",.0,"8",3.9,"",-3.4,"",4.0,"",83.8,"",995.8,"",1024.2,"",.0,"",.1,""
"350230595","ZAMOå∆","2018","02","23",.0,"8",3.1,"",-4.5,"",3.7,"",84.8,"",995.5,"",1024.0,"",.1,"",.0,""
"350230595","ZAMOå∆","2018","02","24",.0,"8",3.5,"",-9.6,"",2.5,"",82.8,"",994.6,"",1023.6,"",.2,"",.1,""
"350230595","ZAMOå∆","2018","02","25",.0,"8",2.9,"",-13.0,"",1.8,"",79.8,"",999.2,"",1028.8,"",.0,"",.0,""
"350230595","ZAMOå∆","2018","02","26",.0,"8",1.5,"",-16.2,"",1.4,"",77.0,"",998.3,"",1028.3,"",.0,"",.0,""
"350230595","ZAMOå∆","2018","02","27",.0,"8",4.3,"",-13.7,"",1.6,"",73.1,"",994.5,"",1024.1,"",.0,"",.0,""
"350230595","ZAMOå∆","2018","02","28",.0,"8",4.0,"",-12.6,"",1.8,"",77.5,"",995.8,"",1025.3,"",.2,"",.0,""
"351150400","ZIELONA G”RA","2018","02","01",7.5,"",2.5,"",3.4,"",7.1,"",91.0,"",977.7,"",1001.3,"",.7,"",.0,""
"351150400","ZIELONA G”RA","2018","02","02",3.3,"",2.8,"",1.2,"",5.3,"",81.0,"",981.2,"",1005.0,"",.0,"",.0,""
"351150400","ZIELONA G”RA","2018","02","03",7.4,"",2.8,"",1.1,"",6.1,"",91.9,"",980.9,"",1004.7,"",3.0,"",1.2,""
"351150400","ZIELONA G”RA","2018","02","04",7.4,"",2.5,"",-1.3,"",5.4,"",96.6,"",992.6,"",1016.9,"",.0,"",.2,""
"351150400","ZIELONA G”RA","2018","02","05",2.9,"",1.5,"",-3.0,"",4.2,"",85.3,"",1003.3,"",1028.0,"",.2,"",.0,""
"351150400","ZIELONA G”RA","2018","02","06",2.1,"",2.0,"",-4.4,"",3.0,"",69.8,"",996.4,"",1021.1,"",.0,"",.0,""
"351150400","ZIELONA G”RA","2018","02","07",2.5,"",1.9,"",-3.6,"",3.6,"",76.0,"",992.4,"",1016.9,"",.0,"",.0,""
"351150400","ZIELONA G”RA","2018","02","08",6.9,"",1.6,"",-2.8,"",4.2,"",84.0,"",995.7,"",1020.2,"",.0,"",.0,""
"351150400","ZIELONA G”RA","2018","02","09",6.4,"",1.8,"",-2.9,"",3.9,"",79.3,"",995.1,"",1019.6,"",.0,"",.0,""
"351150400","ZIELONA G”RA","2018","02","10",7.1,"",1.9,"",-2.4,"",4.4,"",86.4,"",993.3,"",1017.7,"",.0,"",.0,""
"351150400","ZIELONA G”RA","2018","02","11",7.5,"",2.6,"",.7,"",5.0,"",78.8,"",983.7,"",1007.7,"",.0,"",.5,""
"351150400","ZIELONA G”RA","2018","02","12",4.8,"",3.3,"",1.2,"",5.7,"",86.1,"",986.2,"",1010.1,"",.0,"",.0,""
"351150400","ZIELONA G”RA","2018","02","13",3.6,"",1.5,"",-.5,"",5.0,"",84.8,"",993.4,"",1017.6,"",.0,"",.0,""
"351150400","ZIELONA G”RA","2018","02","14",5.1,"",1.6,"",-3.1,"",4.6,"",93.9,"",997.1,"",1021.7,"",.0,"",.0,""
"351150400","ZIELONA G”RA","2018","02","15",7.1,"",2.8,"",-2.3,"",4.5,"",86.5,"",997.9,"",1022.4,"",.0,"",.1,""
"351150400","ZIELONA G”RA","2018","02","16",5.9,"",3.6,"",2.6,"",5.1,"",71.9,"",997.9,"",1022.0,"",.0,"",.0,""
"351150400","ZIELONA G”RA","2018","02","17",6.8,"",2.1,"",1.2,"",5.5,"",82.6,"",1000.8,"",1025.1,"",.0,"",.0,""
"351150400","ZIELONA G”RA","2018","02","18",7.0,"",1.4,"",.8,"",4.8,"",74.4,"",1004.2,"",1028.6,"",.0,"",.0,""
"351150400","ZIELONA G”RA","2018","02","19",7.3,"",2.0,"",.2,"",4.1,"",66.4,"",999.4,"",1023.8,"",.0,"",.0,""
"351150400","ZIELONA G”RA","2018","02","20",5.4,"",2.4,"",-1.5,"",3.9,"",71.3,"",996.3,"",1020.7,"",.0,"",.0,""
"351150400","ZIELONA G”RA","2018","02","21",3.6,"",2.5,"",-1.8,"",3.9,"",74.4,"",1000.1,"",1024.7,"",.0,"",.0,""
"351150400","ZIELONA G”RA","2018","02","22",3.0,"",2.5,"",-2.7,"",3.3,"",66.0,"",1001.3,"",1026.0,"",.0,"",.0,""
"351150400","ZIELONA G”RA","2018","02","23",1.5,"",2.8,"",-6.1,"",2.6,"",67.9,"",1001.7,"",1026.6,"",.0,"",.0,""
"351150400","ZIELONA G”RA","2018","02","24",3.0,"",3.0,"",-5.7,"",2.4,"",59.4,"",1004.2,"",1029.3,"",.0,"",.0,""
"351150400","ZIELONA G”RA","2018","02","25",2.9,"",2.1,"",-8.8,"",1.9,"",60.4,"",1006.6,"",1031.9,"",.0,"",.0,""
"351150400","ZIELONA G”RA","2018","02","26",2.4,"",2.5,"",-10.7,"",1.8,"",65.5,"",1003.4,"",1028.8,"",.0,"",.0,""
"351150400","ZIELONA G”RA","2018","02","27",3.4,"",3.1,"",-11.0,"",1.6,"",62.1,"",998.9,"",1024.3,"",.0,"",.0,""
"351150400","ZIELONA G”RA","2018","02","28",3.0,"",3.1,"",-10.8,"",1.7,"",65.4,"",1002.0,"",1027.4,"",.0,"",.0,""
"351160415","LEGNICA","2018","02","01",.0,"8",2.9,"",4.6,"",7.2,"",84.5,"",986.6,"",1001.8,"",.4,"",.0,""
"351160415","LEGNICA","2018","02","02",.0,"8",2.1,"",2.5,"",5.4,"",73.8,"",990.5,"",1005.9,"",.0,"",.0,""
"351160415","LEGNICA","2018","02","03",.0,"8",2.8,"",2.2,"",5.7,"",79.6,"",989.7,"",1005.1,"",.0,"",.0,""
"351160415","LEGNICA","2018","02","04",.0,"8",3.1,"",.5,"",5.3,"",83.6,"",1000.6,"",1016.3,"",.0,"",.0,""
"351160415","LEGNICA","2018","02","05",.0,"8",2.0,"",-2.7,"",4.3,"",84.3,"",1011.4,"",1027.5,"",.5,"",.0,""
"351160415","LEGNICA","2018","02","06",.0,"8",2.3,"",-6.2,"",3.0,"",78.9,"",1005.2,"",1021.4,"",.0,"",.0,""
"351160415","LEGNICA","2018","02","07",.0,"8",.0,"8",-3.1,"",4.2,"",84.6,"",1000.4,"",1016.3,"",.0,"",.0,""
"351160415","LEGNICA","2018","02","08",.0,"8",1.8,"",-.9,"",4.7,"",82.8,"",1003.7,"",1019.6,"",.0,"",.0,""
"351160415","LEGNICA","2018","02","09",.0,"8",1.5,"",-1.7,"",4.5,"",83.4,"",1003.6,"",1019.5,"",.0,"",.0,""
"351160415","LEGNICA","2018","02","10",.0,"8",1.4,"",-.9,"",4.5,"",79.8,"",1002.0,"",1017.8,"",.0,"",.0,""
"351160415","LEGNICA","2018","02","11",.0,"8",2.6,"",1.7,"",4.9,"",71.3,"",993.0,"",1008.5,"",.0,"",.0,""
"351160415","LEGNICA","2018","02","12",.0,"8",2.8,"",2.5,"",5.5,"",75.9,"",995.2,"",1010.7,"",.0,"",.0,""
"351160415","LEGNICA","2018","02","13",.0,"8",1.8,"",.5,"",4.7,"",75.8,"",1002.1,"",1017.8,"",.0,"",.0,""
"351160415","LEGNICA","2018","02","14",.0,"8",1.5,"",-2.6,"",4.7,"",92.6,"",1005.2,"",1021.1,"",.0,"",.0,""
"351160415","LEGNICA","2018","02","15",.0,"8",3.0,"",-.3,"",4.8,"",80.4,"",1006.8,"",1022.7,"",.0,"",.0,""
"351160415","LEGNICA","2018","02","16",.0,"8",3.4,"",3.8,"",5.4,"",68.6,"",1007.0,"",1022.6,"",.0,"",.0,""
"351160415","LEGNICA","2018","02","17",.0,"8",1.8,"",1.6,"",5.2,"",77.0,"",1009.5,"",1025.3,"",.0,"",.0,""
"351160415","LEGNICA","2018","02","18",.0,"8",2.0,"",1.0,"",5.4,"",82.8,"",1012.6,"",1028.5,"",.0,"",.0,""
"351160415","LEGNICA","2018","02","19",.0,"8",2.1,"",-1.1,"",4.3,"",77.6,"",1008.1,"",1023.9,"",.0,"",.0,""
"351160415","LEGNICA","2018","02","20",.0,"8",2.4,"",-1.3,"",4.3,"",78.4,"",1004.2,"",1020.0,"",.0,"",.0,""
"351160415","LEGNICA","2018","02","21",.0,"8",.0,"8",-2.6,"",3.9,"",79.5,"",1008.0,"",1023.9,"",.0,"",.0,""
"351160415","LEGNICA","2018","02","22",.0,"8",2.6,"",-3.5,"",3.4,"",73.6,"",1009.2,"",1025.3,"",.0,"",.0,""
"351160415","LEGNICA","2018","02","23",.0,"8",2.8,"",-5.2,"",3.0,"",73.0,"",1009.6,"",1025.8,"",.0,"",.0,""
"351160415","LEGNICA","2018","02","24",.0,"8",4.0,"",-6.1,"",2.6,"",68.3,"",1012.0,"",1028.3,"",.0,"",.0,""
"351160415","LEGNICA","2018","02","25",.0,"8",2.1,"",-8.3,"",.0,"8",.0,"8",.0,"8",.0,"8",.0,"",.0,""
"351160415","LEGNICA","2018","02","26",.0,"8",3.5,"",-9.2,"",1.9,"",61.9,"",1011.4,"",1027.8,"",.0,"",.0,""
"351160415","LEGNICA","2018","02","27",.0,"8",3.8,"",-10.2,"",1.7,"",62.1,"",1006.9,"",1023.3,"",.0,"",.0,""
"351160415","LEGNICA","2018","02","28",.0,"8",3.1,"",-9.8,"",1.7,"",60.4,"",1010.1,"",1026.5,"",.0,"",.0,""
"351160418","LESZNO","2018","02","01",.0,"8",2.5,"",4.2,"",7.2,"",87.1,"",990.2,"",1001.5,"",.5,"",.0,""
"351160418","LESZNO","2018","02","02",.0,"8",2.1,"",1.7,"",5.4,"",78.8,"",994.2,"",1005.6,"",.0,"",.1,""
"351160418","LESZNO","2018","02","03",.0,"8",2.6,"",2.0,"",5.8,"",82.3,"",993.3,"",1004.7,"",.0,"",.0,""
"351160418","LESZNO","2018","02","04",.0,"8",3.1,"",.1,"",5.5,"",90.3,"",1004.6,"",1016.2,"",.8,"",.0,""
"351160418","LESZNO","2018","02","05",.0,"8",2.9,"",-2.8,"",4.0,"",79.8,"",1015.8,"",1027.7,"",.3,"",.0,""
"351160418","LESZNO","2018","02","06",.0,"8",1.9,"",-5.1,"",3.0,"",72.8,"",1009.7,"",1021.6,"",.0,"",.0,""
"351160418","LESZNO","2018","02","07",.0,"8",2.5,"",-2.7,"",3.8,"",73.8,"",1005.2,"",1017.0,"",.0,"",.0,""
"351160418","LESZNO","2018","02","08",.0,"8",1.8,"",-2.6,"",4.3,"",84.3,"",1008.1,"",1019.9,"",.0,"",.0,""
"351160418","LESZNO","2018","02","09",.0,"8",1.3,"",-4.2,"",3.6,"",81.0,"",1008.1,"",1020.0,"",.0,"",.0,""
"351160418","LESZNO","2018","02","10",.0,"8",1.8,"",-2.9,"",4.0,"",80.4,"",1006.4,"",1018.2,"",.0,"",.0,""
"351160418","LESZNO","2018","02","11",.0,"8",3.0,"",.7,"",4.7,"",74.0,"",997.1,"",1008.6,"",.0,"",.2,""
"351160418","LESZNO","2018","02","12",.0,"8",2.5,"",1.4,"",5.6,"",82.5,"",998.7,"",1010.2,"",.0,"",.0,""
"351160418","LESZNO","2018","02","13",.0,"8",1.5,"",-1.3,"",4.7,"",84.6,"",1006.2,"",1017.9,"",.0,"",.0,""
"351160418","LESZNO","2018","02","14",.0,"8",3.0,"",-2.9,"",4.7,"",93.9,"",1009.8,"",1021.6,"",.0,"",.0,""
"351160418","LESZNO","2018","02","15",.0,"8",2.4,"",-.7,"",4.7,"",82.0,"",1011.3,"",1023.0,"",.0,"",.0,""
"351160418","LESZNO","2018","02","16",.0,"8",3.6,"",1.9,"",5.2,"",74.6,"",1010.4,"",1022.1,"",.0,"",.0,""
"351160418","LESZNO","2018","02","17",.0,"8",2.4,"",.2,"",5.4,"",87.5,"",1013.3,"",1025.1,"",.0,"",.0,""
"351160418","LESZNO","2018","02","18",.0,"8",1.9,"",.9,"",5.3,"",81.1,"",1016.7,"",1028.5,"",.0,"",.0,""
"351160418","LESZNO","2018","02","19",.0,"8",2.6,"",.8,"",4.4,"",69.1,"",1012.6,"",1024.3,"",.0,"",.0,""
"351160418","LESZNO","2018","02","20",.0,"8",4.0,"",-1.0,"",4.0,"",71.0,"",1009.2,"",1021.0,"",.1,"",.0,""
"351160418","LESZNO","2018","02","21",.0,"8",3.8,"",-2.1,"",4.2,"",79.6,"",1012.7,"",1024.5,"",.0,"",.0,""
"351160418","LESZNO","2018","02","22",.0,"8",3.1,"",-3.3,"",3.3,"",69.6,"",1014.1,"",1026.0,"",.0,"",.0,""
"351160418","LESZNO","2018","02","23",.0,"8",3.3,"",-5.8,"",2.7,"",69.1,"",1014.4,"",1026.5,"",.0,"",.0,""
"351160418","LESZNO","2018","02","24",.0,"8",5.6,"",-6.0,"",2.5,"",65.3,"",1016.6,"",1028.6,"",.0,"",.0,""
"351160418","LESZNO","2018","02","25",.0,"8",3.0,"",-8.7,"",2.0,"",61.9,"",1019.6,"",1031.8,"",.0,"",.0,""
"351160418","LESZNO","2018","02","26",.0,"8",3.3,"",-10.3,"",1.8,"",65.1,"",1016.3,"",1028.6,"",.0,"",.0,""
"351160418","LESZNO","2018","02","27",.0,"8",4.3,"",-10.6,"",1.7,"",63.6,"",1011.9,"",1024.2,"",.0,"",.0,""
"351160418","LESZNO","2018","02","28",.0,"8",4.3,"",-9.4,"",1.7,"",58.5,"",1015.1,"",1027.3,"",.0,"",.0,""
"351160424","WROC£AW","2018","02","01",8.0,"",2.8,"",5.2,"",7.3,"",82.6,"",987.4,"",1002.2,"",1.0,"",.0,""
"351160424","WROC£AW","2018","02","02",6.8,"",2.5,"",2.5,"",5.7,"",77.8,"",991.2,"",1006.2,"",.0,"",.0,""
"351160424","WROC£AW","2018","02","03",7.1,"",1.8,"",2.2,"",5.6,"",78.6,"",990.1,"",1005.1,"",.0,"",.0,""
"351160424","WROC£AW","2018","02","04",6.9,"",2.3,"",.7,"",5.5,"",86.4,"",1000.6,"",1015.9,"",.1,"",.0,""
"351160424","WROC£AW","2018","02","05",4.9,"",1.8,"",-2.1,"",4.0,"",75.4,"",1011.6,"",1027.1,"",.0,"",.0,""
"351160424","WROC£AW","2018","02","06",.9,"",2.5,"",-5.8,"",2.9,"",74.6,"",1006.1,"",1021.8,"",.0,"",.0,""
"351160424","WROC£AW","2018","02","07",7.4,"",2.3,"",-1.4,"",4.0,"",71.8,"",1001.0,"",1016.4,"",.0,"",.0,""
"351160424","WROC£AW","2018","02","08",5.0,"",1.8,"",-.7,"",4.3,"",74.8,"",1003.8,"",1019.2,"",.0,"",.0,""
"351160424","WROC£AW","2018","02","09",4.8,"",1.0,"",-3.1,"",4.0,"",83.5,"",1004.2,"",1019.8,"",.0,"",.0,""
"351160424","WROC£AW","2018","02","10",5.9,"",1.8,"",-2.7,"",3.8,"",77.3,"",1002.7,"",1018.2,"",.0,"",.0,""
"351160424","WROC£AW","2018","02","11",7.8,"",3.5,"",.9,"",4.8,"",74.4,"",994.2,"",1009.3,"",.0,"",.1,""
"351160424","WROC£AW","2018","02","12",6.5,"",2.6,"",2.4,"",5.4,"",75.6,"",995.7,"",1010.8,"",.0,"",.0,""
"351160424","WROC£AW","2018","02","13",5.8,"",1.0,"",.6,"",4.8,"",76.0,"",1002.5,"",1017.8,"",.0,"",.0,""
"351160424","WROC£AW","2018","02","14",6.5,"",1.4,"",-.8,"",4.9,"",85.0,"",1005.1,"",1020.5,"",.0,"",.4,""
"351160424","WROC£AW","2018","02","15",6.9,"",3.0,"",-.1,"",4.9,"",81.4,"",1007.7,"",1023.1,"",.0,"",.0,""
"351160424","WROC£AW","2018","02","16",6.4,"",3.9,"",3.4,"",5.3,"",68.8,"",1007.5,"",1022.7,"",.0,"",.0,""
"351160424","WROC£AW","2018","02","17",4.8,"",1.9,"",2.0,"",5.2,"",75.1,"",1009.8,"",1025.1,"",.0,"",.0,""
"351160424","WROC£AW","2018","02","18",6.4,"",1.3,"",1.1,"",5.2,"",78.4,"",1012.9,"",1028.3,"",.0,"",.0,""
"351160424","WROC£AW","2018","02","19",6.5,"",3.0,"",-.1,"",4.3,"",71.8,"",1008.9,"",1024.3,"",.0,"",.0,""
"351160424","WROC£AW","2018","02","20",6.4,"",2.8,"",-.7,"",4.1,"",70.6,"",1004.7,"",1020.1,"",.0,"",.0,""
"351160424","WROC£AW","2018","02","21",1.3,"",2.4,"",-1.7,"",3.9,"",73.4,"",1008.0,"",1023.5,"",.0,"",.0,""
"351160424","WROC£AW","2018","02","22",3.6,"",3.4,"",-2.4,"",3.3,"",64.8,"",1009.4,"",1025.0,"",.0,"",.0,""
"351160424","WROC£AW","2018","02","23",1.6,"",2.6,"",-4.5,"",2.9,"",67.6,"",1009.7,"",1025.4,"",.0,"",.0,""
"351160424","WROC£AW","2018","02","24",3.1,"",3.5,"",-5.9,"",2.6,"",65.1,"",1011.8,"",1027.6,"",.0,"",.0,""
"351160424","WROC£AW","2018","02","25",3.5,"",2.4,"",-8.4,"",1.9,"",59.0,"",1015.1,"",1031.1,"",.0,"",.0,""
"351160424","WROC£AW","2018","02","26",3.5,"",2.6,"",-9.5,"",1.8,"",61.4,"",1011.5,"",1027.5,"",.0,"",.0,""
"351160424","WROC£AW","2018","02","27",4.9,"",3.9,"",-9.9,"",1.7,"",57.9,"",1007.1,"",1023.1,"",.0,"",.0,""
"351160424","WROC£AW","2018","02","28",4.5,"",3.1,"",-9.3,"",1.7,"",57.6,"",1010.3,"",1026.2,"",.0,"",.0,""
"351180435","KALISZ","2018","02","01",8.0,"",3.3,"",4.3,"",7.5,"",90.5,"",984.8,"",1001.9,"",.6,"",.0,""
"351180435","KALISZ","2018","02","02",6.1,"",2.0,"",2.3,"",6.3,"",88.3,"",988.8,"",1006.1,"",.0,"",.0,""
"351180435","KALISZ","2018","02","03",7.0,"",2.0,"",1.5,"",6.0,"",88.5,"",987.7,"",1005.0,"",.0,"",.0,""
"351180435","KALISZ","2018","02","04",7.8,"",2.8,"",.6,"",6.0,"",92.9,"",997.8,"",1015.3,"",.6,"",.0,""
"351180435","KALISZ","2018","02","05",4.3,"",3.0,"",-2.5,"",3.8,"",73.9,"",1009.0,"",1027.0,"",.0,"",.0,""
"351180435","KALISZ","2018","02","06",3.6,"",2.8,"",-3.4,"",3.6,"",76.0,"",1003.8,"",1021.7,"",.0,"",.0,""
"351180435","KALISZ","2018","02","07",4.6,"",2.9,"",-2.3,"",4.2,"",81.5,"",999.7,"",1017.4,"",.0,"",.0,""
"351180435","KALISZ","2018","02","08",2.3,"",3.1,"",-2.8,"",4.4,"",88.5,"",1001.4,"",1019.2,"",.0,"",.0,""
"351180435","KALISZ","2018","02","09",.4,"",1.5,"",-5.9,"",3.7,"",93.6,"",1002.3,"",1020.4,"",.0,"",.0,""
"351180435","KALISZ","2018","02","10",6.4,"",1.8,"",-5.0,"",4.0,"",94.5,"",1000.9,"",1018.8,"",.0,"",.0,""
"351180435","KALISZ","2018","02","11",7.5,"",3.4,"",-1.5,"",4.6,"",85.5,"",992.5,"",1010.1,"",.0,"",.0,""
"351180435","KALISZ","2018","02","12",5.6,"",3.0,"",1.4,"",5.9,"",87.6,"",992.8,"",1010.2,"",.0,"",.3,""
"351180435","KALISZ","2018","02","13",5.3,"",1.8,"",-.2,"",5.4,"",90.3,"",1000.2,"",1017.8,"",.0,"",.0,""
"351180435","KALISZ","2018","02","14",7.3,"",3.8,"",-1.1,"",5.5,"",97.4,"",1003.0,"",1020.7,"",.0,"",.0,""
"351180435","KALISZ","2018","02","15",7.1,"",2.6,"",-.8,"",5.3,"",91.8,"",1005.9,"",1023.7,"",.0,"",.0,""
"351180435","KALISZ","2018","02","16",5.8,"",4.1,"",1.4,"",5.7,"",84.3,"",1004.6,"",1022.2,"",.0,"",.0,""
"351180435","KALISZ","2018","02","17",5.5,"",3.0,"",.6,"",6.0,"",93.9,"",1006.9,"",1024.6,"",.0,"",.0,""
"351180435","KALISZ","2018","02","18",7.6,"",2.4,"",.3,"",5.6,"",90.3,"",1010.2,"",1028.0,"",.0,"",.0,""
"351180435","KALISZ","2018","02","19",6.8,"",2.5,"",.5,"",4.8,"",76.1,"",1007.2,"",1025.0,"",.0,"",.0,""
"351180435","KALISZ","2018","02","20",3.8,"",3.6,"",-1.3,"",4.2,"",76.4,"",1003.5,"",1021.3,"",.0,"",.0,""
"351180435","KALISZ","2018","02","21",4.4,"",4.0,"",-2.5,"",4.3,"",85.1,"",1006.1,"",1024.0,"",.0,"",.0,""
"351180435","KALISZ","2018","02","22",4.3,"",3.0,"",-4.1,"",3.6,"",79.9,"",1008.0,"",1026.1,"",.0,"",.0,""
"351180435","KALISZ","2018","02","23",1.8,"",3.4,"",-6.0,"",3.0,"",76.9,"",1008.0,"",1026.2,"",.0,"",.3,""
"351180435","KALISZ","2018","02","24",4.8,"",5.9,"",-6.6,"",2.9,"",78.3,"",1009.0,"",1027.2,"",.0,"",.0,""
"351180435","KALISZ","2018","02","25",4.6,"",3.5,"",-9.6,"",2.1,"",70.1,"",1012.9,"",1031.5,"",.0,"",.0,""
"351180435","KALISZ","2018","02","26",1.4,"",3.6,"",-11.0,"",1.9,"",73.1,"",1009.8,"",1028.4,"",.0,"",.0,""
"351180435","KALISZ","2018","02","27",3.4,"",3.8,"",-11.2,"",1.8,"",70.3,"",1005.8,"",1024.3,"",.0,"",.0,""
"351180435","KALISZ","2018","02","28",4.1,"",4.9,"",-10.0,"",1.9,"",64.8,"",1008.7,"",1027.2,"",.0,"",.0,""
"351180455","WIELU—","2018","02","01",7.9,"",2.1,"",3.8,"",7.0,"",86.9,"",978.2,"",1002.6,"",2.8,"",1.9,""
"351180455","WIELU—","2018","02","02",7.4,"",1.8,"",2.3,"",6.2,"",86.0,"",982.0,"",1006.7,"",.0,"",.0,""
"351180455","WIELU—","2018","02","03",5.4,"",1.6,"",1.2,"",5.5,"",82.4,"",980.6,"",1005.4,"",.0,"",.0,""
"351180455","WIELU—","2018","02","04",8.0,"",1.6,"",.1,"",5.7,"",93.0,"",990.1,"",1015.1,"",3.2,"",.0,""
"351180455","WIELU—","2018","02","05",3.6,"",2.0,"",-3.8,"",3.5,"",75.1,"",1001.1,"",1026.8,"",.0,"",.0,""
"351180455","WIELU—","2018","02","06",1.5,"",1.8,"",-4.9,"",3.0,"",71.4,"",996.7,"",1022.4,"",.0,"",.0,""
"351180455","WIELU—","2018","02","07",6.5,"",2.3,"",-2.0,"",4.1,"",76.8,"",991.9,"",1017.2,"",.0,"",.0,""
"351180455","WIELU—","2018","02","08",7.1,"",2.1,"",-2.5,"",4.4,"",86.8,"",993.2,"",1018.6,"",.0,"",.0,""
"351180455","WIELU—","2018","02","09",.4,"",1.1,"",-5.4,"",3.5,"",86.0,"",994.6,"",1020.3,"",.0,"",.0,""
"351180455","WIELU—","2018","02","10",7.8,"",1.1,"",-5.0,"",4.1,"",96.8,"",993.2,"",1018.8,"",.0,"",.0,""
"351180455","WIELU—","2018","02","11",7.6,"",2.8,"",-1.4,"",4.6,"",83.4,"",985.7,"",1010.8,"",.0,"",.0,""
"351180455","WIELU—","2018","02","12",6.4,"",2.0,"",1.2,"",5.7,"",86.0,"",986.0,"",1010.9,"",.0,"",.0,""
"351180455","WIELU—","2018","02","13",6.3,"",1.5,"",-.4,"",5.2,"",88.8,"",992.8,"",1018.0,"",.0,"",.0,""
"351180455","WIELU—","2018","02","14",7.3,"",2.1,"",-.7,"",5.2,"",90.3,"",994.7,"",1020.0,"",.1,"",.0,""
"351180455","WIELU—","2018","02","15",7.5,"",2.0,"",-1.1,"",5.0,"",89.1,"",998.4,"",1023.8,"",.0,"",.0,""
"351180455","WIELU—","2018","02","16",6.1,"",2.6,"",1.4,"",5.2,"",78.1,"",997.8,"",1022.9,"",.0,"",.0,""
"351180455","WIELU—","2018","02","17",5.0,"",2.1,"",.8,"",5.6,"",87.0,"",999.8,"",1025.0,"",.0,"",.0,""
"351180455","WIELU—","2018","02","18",7.1,"",1.9,"",.1,"",5.2,"",85.3,"",1002.5,"",1027.8,"",.0,"",.0,""
"351180455","WIELU—","2018","02","19",7.4,"",2.4,"",.0,"",4.6,"",75.4,"",999.9,"",1025.2,"",.0,"",.0,""
"351180455","WIELU—","2018","02","20",5.1,"",2.6,"",-1.8,"",3.9,"",73.5,"",995.3,"",1020.7,"",.0,"",.0,""
"351180455","WIELU—","2018","02","21",2.0,"",2.5,"",-2.8,"",3.9,"",79.0,"",997.6,"",1023.1,"",.0,"",.0,""
"351180455","WIELU—","2018","02","22",3.9,"",3.3,"",-4.0,"",3.2,"",72.1,"",999.6,"",1025.3,"",.0,"",.0,""
"351180455","WIELU—","2018","02","23",4.3,"",2.4,"",-5.7,"",2.9,"",74.9,"",999.5,"",1025.4,"",.0,"",.0,""
"351180455","WIELU—","2018","02","24",4.9,"",3.6,"",-7.1,"",2.8,"",79.0,"",1000.4,"",1026.4,"",.1,"",.0,""
"351180455","WIELU—","2018","02","25",6.1,"",2.1,"",-10.1,"",1.9,"",68.4,"",1004.6,"",1031.0,"",.0,"",.0,""
"351180455","WIELU—","2018","02","26",6.1,"",2.5,"",-10.2,"",1.8,"",63.5,"",1001.4,"",1027.7,"",.0,"",.0,""
"351180455","WIELU—","2018","02","27",6.1,"",3.3,"",-11.5,"",1.6,"",65.6,"",997.2,"",1023.6,"",.0,"",.0,""
"351180455","WIELU—","2018","02","28",6.4,"",3.1,"",-10.4,"",1.8,"",64.9,"",1000.0,"",1026.4,"",.0,"",.0,""
"351190465","£”Dè","2018","02","01",7.9,"",2.5,"",4.1,"",7.4,"",89.9,"",980.2,"",1002.3,"",1.9,"",2.3,""
"351190465","£”Dè","2018","02","02",7.0,"",1.5,"",1.5,"",6.4,"",94.0,"",984.1,"",1006.5,"",.0,"",.0,""
"351190465","£”Dè","2018","02","03",5.9,"",1.3,"",.3,"",5.3,"",86.1,"",983.0,"",1005.5,"",.0,"",.0,""
"351190465","£”Dè","2018","02","04",7.3,"",2.5,"",-.2,"",4.9,"",81.9,"",992.3,"",1015.1,"",.0,"",.0,""
"351190465","£”Dè","2018","02","05",4.6,"",2.9,"",-3.5,"",3.2,"",66.5,"",1002.9,"",1026.2,"",.0,"",.0,""
"351190465","£”Dè","2018","02","06",3.8,"",1.8,"",-5.1,"",3.3,"",79.4,"",998.8,"",1022.2,"",.0,"",.0,""
"351190465","£”Dè","2018","02","07",6.3,"",3.3,"",-3.1,"",3.7,"",76.6,"",995.1,"",1018.2,"",.0,"",.0,""
"351190465","£”Dè","2018","02","08",8.0,"",2.8,"",-2.5,"",4.5,"",87.1,"",995.3,"",1018.4,"",.0,"",.0,""
"351190465","£”Dè","2018","02","09",6.9,"",1.5,"",-4.5,"",4.0,"",91.6,"",996.9,"",1020.2,"",.0,"",.0,""
"351190465","£”Dè","2018","02","10",7.8,"",1.1,"",-2.4,"",4.5,"",88.4,"",995.4,"",1018.4,"",.0,"",.0,""
"351190465","£”Dè","2018","02","11",6.8,"",2.1,"",-1.8,"",4.5,"",84.1,"",988.3,"",1011.1,"",.0,"",.2,""
"351190465","£”Dè","2018","02","12",5.6,"",2.1,"",.2,"",5.5,"",88.4,"",988.0,"",1010.6,"",.0,"",.0,""
"351190465","£”Dè","2018","02","13",5.9,"",1.0,"",-1.9,"",5.1,"",94.4,"",995.0,"",1018.0,"",.0,"",.0,""
"351190465","£”Dè","2018","02","14",7.5,"",3.3,"",-.9,"",5.1,"",89.9,"",997.2,"",1020.2,"",.0,"",.1,""
"351190465","£”Dè","2018","02","15",8.0,"",2.6,"",-2.4,"",4.5,"",88.3,"",1001.2,"",1024.4,"",.0,"",.0,""
"351190465","£”Dè","2018","02","16",6.0,"",3.1,"",-.1,"",5.1,"",84.1,"",999.5,"",1022.5,"",.0,"",.0,""
"351190465","£”Dè","2018","02","17",5.8,"",2.4,"",.4,"",5.7,"",90.8,"",1001.4,"",1024.4,"",.0,"",.0,""
"351190465","£”Dè","2018","02","18",7.1,"",2.1,"",.2,"",5.1,"",82.1,"",1004.3,"",1027.3,"",.0,"",.0,""
"351190465","£”Dè","2018","02","19",6.9,"",2.1,"",-.2,"",4.4,"",73.9,"",1002.5,"",1025.5,"",.0,"",.0,""
"351190465","£”Dè","2018","02","20",5.8,"",4.9,"",-2.1,"",3.7,"",70.3,"",998.5,"",1021.6,"",.0,"",.0,""
"351190465","£”Dè","2018","02","21",3.0,"",4.0,"",-3.1,"",3.7,"",75.3,"",1000.3,"",1023.5,"",.0,"",.0,""
"351190465","£”Dè","2018","02","22",4.9,"",3.9,"",-5.3,"",3.0,"",73.3,"",1002.6,"",1026.1,"",.0,"",.0,""
"351190465","£”Dè","2018","02","23",3.3,"",2.5,"",-7.1,"",2.7,"",74.5,"",1002.3,"",1025.9,"",.0,"",.1,""
"351190465","£”Dè","2018","02","24",6.5,"",5.5,"",-7.5,"",2.7,"",76.0,"",1002.5,"",1026.2,"",.0,"",.0,""
"351190465","£”Dè","2018","02","25",3.3,"",3.1,"",-11.0,"",1.9,"",70.4,"",1007.0,"",1031.1,"",.0,"",.0,""
"351190465","£”Dè","2018","02","26",6.5,"",3.3,"",-11.5,"",1.7,"",67.9,"",1004.3,"",1028.4,"",.0,"",.0,""
"351190465","£”Dè","2018","02","27",4.4,"",4.5,"",-13.0,"",1.6,"",70.3,"",1000.4,"",1024.6,"",.0,"",.0,""
"351190465","£”Dè","2018","02","28",4.9,"",5.4,"",-10.8,"",1.7,"",64.1,"",1003.1,"",1027.1,"",.0,"",.0,""
"351190469","SULEJ”W","2018","02","01",7.9,"",2.9,"",3.7,"",7.0,"",88.0,"",979.9,"",1003.0,"",1.3,"",8.4,""
"351190469","SULEJ”W","2018","02","02",7.6,"",1.8,"",.9,"",6.2,"",95.3,"",983.6,"",1007.0,"",.0,"",.0,""
"351190469","SULEJ”W","2018","02","03",6.4,"",1.6,"",-.4,"",5.3,"",89.5,"",982.3,"",1005.8,"",.0,"",.0,""
"351190469","SULEJ”W","2018","02","04",7.5,"",2.4,"",-.5,"",4.8,"",81.5,"",991.1,"",1014.8,"",.0,"",.1,""
"351190469","SULEJ”W","2018","02","05",4.9,"",3.4,"",-3.3,"",3.3,"",67.9,"",1001.6,"",1025.8,"",.0,"",.0,""
"351190469","SULEJ”W","2018","02","06",3.3,"",2.8,"",-4.7,"",3.1,"",72.9,"",998.1,"",1022.4,"",.0,"",.0,""
"351190469","SULEJ”W","2018","02","07",5.6,"",2.0,"",-3.3,"",3.8,"",77.4,"",994.1,"",1018.2,"",.0,"",.6,""
"351190469","SULEJ”W","2018","02","08",8.0,"",3.0,"",-2.0,"",4.8,"",90.9,"",993.8,"",1017.8,"",.0,"",.0,""
"351190469","SULEJ”W","2018","02","09",7.9,"",1.9,"",-3.0,"",4.3,"",88.1,"",995.7,"",1019.8,"",.0,"",.0,""
"351190469","SULEJ”W","2018","02","10",7.9,"",1.0,"",-2.3,"",4.6,"",88.3,"",994.4,"",1018.4,"",.0,"",.0,""
"351190469","SULEJ”W","2018","02","11",7.9,"",2.4,"",-1.4,"",4.6,"",83.0,"",987.9,"",1011.7,"",.0,"",.0,""
"351190469","SULEJ”W","2018","02","12",6.1,"",2.0,"",-.2,"",5.3,"",88.1,"",987.4,"",1011.0,"",.0,"",.0,""
"351190469","SULEJ”W","2018","02","13",6.3,"",1.3,"",-1.3,"",5.0,"",90.3,"",994.1,"",1018.0,"",.0,"",.0,""
"351190469","SULEJ”W","2018","02","14",7.9,"",2.5,"",-.8,"",5.2,"",90.5,"",995.8,"",1019.7,"",.2,"",.2,""
"351190469","SULEJ”W","2018","02","15",7.8,"",2.6,"",-2.6,"",4.4,"",86.5,"",1000.3,"",1024.5,"",.0,"",.0,""
"351190469","SULEJ”W","2018","02","16",6.8,"",3.6,"",-.3,"",5.1,"",85.4,"",999.2,"",1023.1,"",.0,"",2.1,""
"351190469","SULEJ”W","2018","02","17",4.9,"",3.0,"",-.2,"",5.3,"",87.8,"",1000.7,"",1024.7,"",.0,"",.0,""
"351190469","SULEJ”W","2018","02","18",7.4,"",2.6,"",.2,"",5.0,"",80.6,"",1003.1,"",1027.1,"",.0,"",.0,""
"351190469","SULEJ”W","2018","02","19",6.9,"",1.8,"",-.2,"",4.3,"",72.0,"",1001.7,"",1025.7,"",.0,"",.0,""
"351190469","SULEJ”W","2018","02","20",5.3,"",3.0,"",-2.3,"",3.7,"",72.0,"",997.4,"",1021.4,"",.0,"",.0,""
"351190469","SULEJ”W","2018","02","21",3.3,"",2.9,"",-3.0,"",3.8,"",77.4,"",998.7,"",1022.9,"",.0,"",.0,""
"351190469","SULEJ”W","2018","02","22",5.8,"",4.1,"",-4.6,"",3.1,"",71.1,"",1001.2,"",1025.6,"",.0,"",.0,""
"351190469","SULEJ”W","2018","02","23",6.3,"",2.6,"",-6.5,"",2.9,"",77.1,"",1000.9,"",1025.5,"",.0,"",.0,""
"351190469","SULEJ”W","2018","02","24",4.9,"",5.3,"",-7.5,"",2.6,"",73.6,"",1000.8,"",1025.4,"",.0,"",.0,""
"351190469","SULEJ”W","2018","02","25",5.5,"",2.8,"",-11.3,"",1.9,"",70.9,"",1005.7,"",1030.8,"",.0,"",.0,""
"351190469","SULEJ”W","2018","02","26",7.6,"",2.6,"",-10.7,"",1.8,"",66.5,"",1002.9,"",1027.9,"",.0,"",.0,""
"351190469","SULEJ”W","2018","02","27",6.5,"",4.5,"",-12.0,"",1.6,"",65.5,"",999.0,"",1024.0,"",.0,"",.0,""
"351190469","SULEJ”W","2018","02","28",6.3,"",4.0,"",-11.2,"",1.8,"",69.9,"",1001.5,"",1026.6,"",.0,"",.0,""
"351210488","KOZIENICE","2018","02","01",7.9,"",3.0,"",4.1,"",6.9,"",83.6,"",988.0,"",1003.6,"",2.0,"",3.8,""
"351210488","KOZIENICE","2018","02","02",7.6,"",1.8,"",2.4,"",6.8,"",93.0,"",991.1,"",1006.8,"",.0,"",.0,""
"351210488","KOZIENICE","2018","02","03",8.0,"",1.5,"",-.5,"",5.6,"",95.3,"",990.3,"",1006.2,"",.0,"",.0,""
"351210488","KOZIENICE","2018","02","04",7.9,"",2.4,"",-.7,"",4.8,"",83.1,"",998.2,"",1014.1,"",.0,"",.4,""
"351210488","KOZIENICE","2018","02","05",6.6,"",2.6,"",-3.6,"",3.2,"",68.3,"",1008.5,"",1024.8,"",.0,"",.0,""
"351210488","KOZIENICE","2018","02","06",3.3,"",2.3,"",-4.5,"",3.1,"",71.3,"",1006.0,"",1022.3,"",.0,"",.0,""
"351210488","KOZIENICE","2018","02","07",4.5,"",2.4,"",-4.9,"",3.6,"",83.0,"",1003.4,"",1019.8,"",.0,"",4.8,""
"351210488","KOZIENICE","2018","02","08",8.0,"",2.3,"",-1.2,"",5.2,"",92.5,"",1001.0,"",1017.1,"",.0,"",.0,""
"351210488","KOZIENICE","2018","02","09",8.0,"",2.5,"",-2.3,"",4.7,"",90.9,"",1003.1,"",1019.2,"",.0,"",.0,""
"351210488","KOZIENICE","2018","02","10",8.0,"",1.5,"",-2.7,"",4.4,"",88.0,"",1002.3,"",1018.4,"",.0,"",.0,""
"351210488","KOZIENICE","2018","02","11",8.0,"",1.9,"",-2.5,"",4.4,"",85.5,"",997.0,"",1013.1,"",.0,"",.0,""
"351210488","KOZIENICE","2018","02","12",7.6,"",1.6,"",-.9,"",5.1,"",88.5,"",995.6,"",1011.5,"",.0,"",.0,""
"351210488","KOZIENICE","2018","02","13",7.1,"",1.0,"",-1.2,"",4.9,"",87.5,"",1001.7,"",1017.8,"",.0,"",.0,""
"351210488","KOZIENICE","2018","02","14",8.0,"",2.1,"",-.6,"",5.2,"",89.4,"",1003.7,"",1019.8,"",.4,"",.5,""
"351210488","KOZIENICE","2018","02","15",7.3,"",2.4,"",-3.6,"",4.1,"",86.1,"",1009.1,"",1025.4,"",.0,"",.0,""
"351210488","KOZIENICE","2018","02","16",7.3,"",2.8,"",-.7,"",4.8,"",83.4,"",1007.1,"",1023.2,"",.0,"",.0,""
"351210488","KOZIENICE","2018","02","17",5.4,"",2.8,"",.7,"",5.5,"",85.4,"",1007.8,"",1023.9,"",.0,"",.0,""
"351210488","KOZIENICE","2018","02","18",5.9,"",2.5,"",-.5,"",4.7,"",80.0,"",1010.0,"",1026.2,"",.0,"",.0,""
"351210488","KOZIENICE","2018","02","19",7.0,"",1.0,"",-1.5,"",4.2,"",77.1,"",1010.1,"",1026.4,"",.0,"",.0,""
"351210488","KOZIENICE","2018","02","20",4.6,"",2.3,"",-3.4,"",3.5,"",74.3,"",1006.4,"",1022.7,"",.0,"",.0,""
"351210488","KOZIENICE","2018","02","21",3.0,"",2.3,"",-2.7,"",3.7,"",73.5,"",1006.6,"",1022.9,"",.0,"",.0,""
"351210488","KOZIENICE","2018","02","22",6.6,"",2.6,"",-5.0,"",3.1,"",72.5,"",1009.5,"",1025.9,"",.0,"",.2,""
"351210488","KOZIENICE","2018","02","23",6.4,"",1.5,"",-6.2,"",3.3,"",84.1,"",1008.8,"",1025.3,"",.3,"",.4,""
"351210488","KOZIENICE","2018","02","24",4.5,"",3.1,"",-9.4,"",2.3,"",75.0,"",1008.4,"",1025.1,"",.3,"",.0,""
"351210488","KOZIENICE","2018","02","25",2.9,"",2.4,"",-12.2,"",1.7,"",72.6,"",1013.3,"",1030.3,"",.0,"",.0,""
"351210488","KOZIENICE","2018","02","26",7.8,"",1.8,"",-11.2,"",1.8,"",70.4,"",1011.3,"",1028.2,"",.0,"",.0,""
"351210488","KOZIENICE","2018","02","27",5.3,"",2.6,"",-13.1,"",1.6,"",69.1,"",1008.0,"",1024.9,"",.0,"",.0,""
"351210488","KOZIENICE","2018","02","28",6.4,"",3.0,"",-11.6,"",1.9,"",74.9,"",1009.8,"",1026.7,"",.0,"",.0,""
"351220495","LUBLIN-RADAWIEC","2018","02","01",7.9,"",2.4,"",3.0,"",6.3,"",82.3,"",975.5,"",1004.9,"",1.6,"",1.3,""
"351220495","LUBLIN-RADAWIEC","2018","02","02",8.0,"",1.6,"",1.4,"",6.5,"",95.0,"",977.5,"",1007.1,"",.5,"",.0,""
"351220495","LUBLIN-RADAWIEC","2018","02","03",8.0,"",1.8,"",-.1,"",5.8,"",95.5,"",976.5,"",1006.2,"",.0,"",.0,""
"351220495","LUBLIN-RADAWIEC","2018","02","04",8.0,"",4.0,"",-1.2,"",4.6,"",82.6,"",983.3,"",1013.3,"",.0,"",.0,""
"351220495","LUBLIN-RADAWIEC","2018","02","05",7.1,"",3.8,"",-4.1,"",3.2,"",70.5,"",993.7,"",1024.4,"",.5,"",.4,""
"351220495","LUBLIN-RADAWIEC","2018","02","06",3.5,"",2.6,"",-5.8,"",3.0,"",75.0,"",992.1,"",1023.0,"",.0,"",.0,""
"351220495","LUBLIN-RADAWIEC","2018","02","07",4.4,"",3.0,"",-5.0,"",3.6,"",83.6,"",989.6,"",1020.3,"",.0,"",2.3,""
"351220495","LUBLIN-RADAWIEC","2018","02","08",8.0,"",3.0,"",-1.2,"",5.5,"",97.3,"",986.2,"",1016.3,"",.0,"",.0,""
"351220495","LUBLIN-RADAWIEC","2018","02","09",8.0,"",4.0,"",-2.4,"",4.8,"",94.0,"",988.0,"",1018.3,"",.0,"",.0,""
"351220495","LUBLIN-RADAWIEC","2018","02","10",7.9,"",2.1,"",-3.1,"",4.5,"",91.5,"",987.8,"",1018.2,"",.0,"",.0,""
"351220495","LUBLIN-RADAWIEC","2018","02","11",7.9,"",2.3,"",-3.4,"",4.2,"",88.3,"",983.5,"",1013.8,"",.0,"",.0,""
"351220495","LUBLIN-RADAWIEC","2018","02","12",8.0,"",2.1,"",-1.3,"",5.1,"",91.4,"",982.1,"",1012.1,"",.0,"",.0,""
"351220495","LUBLIN-RADAWIEC","2018","02","13",8.0,"",1.9,"",-1.0,"",5.4,"",94.8,"",987.4,"",1017.6,"",.0,"",.1,""
"351220495","LUBLIN-RADAWIEC","2018","02","14",8.0,"",2.5,"",-1.5,"",5.0,"",91.8,"",989.2,"",1019.5,"",1.3,"",1.0,""
"351220495","LUBLIN-RADAWIEC","2018","02","15",7.9,"",2.8,"",-4.4,"",3.9,"",87.5,"",994.7,"",1025.5,"",.3,"",.0,""
"351220495","LUBLIN-RADAWIEC","2018","02","16",7.5,"",2.4,"",-1.4,"",4.7,"",84.0,"",993.7,"",1024.0,"",.0,"",.0,""
"351220495","LUBLIN-RADAWIEC","2018","02","17",5.6,"",2.1,"",-.2,"",5.1,"",84.0,"",994.1,"",1024.4,"",.0,"",.0,""
"351220495","LUBLIN-RADAWIEC","2018","02","18",6.4,"",3.5,"",-1.2,"",4.7,"",82.8,"",995.4,"",1025.8,"",.7,"",.0,""
"351220495","LUBLIN-RADAWIEC","2018","02","19",2.9,"",1.4,"",-3.6,"",3.5,"",76.3,"",996.2,"",1027.0,"",.0,"",.0,""
"351220495","LUBLIN-RADAWIEC","2018","02","20",6.1,"",3.3,"",-4.2,"",3.3,"",74.3,"",992.3,"",1022.9,"",.0,"",.0,""
"351220495","LUBLIN-RADAWIEC","2018","02","21",5.3,"",2.5,"",-2.8,"",3.8,"",76.4,"",991.8,"",1022.3,"",.0,"",.0,""
"351220495","LUBLIN-RADAWIEC","2018","02","22",7.6,"",3.1,"",-4.2,"",3.5,"",79.1,"",994.4,"",1025.1,"",.0,"",.0,""
"351220495","LUBLIN-RADAWIEC","2018","02","23",6.4,"",2.6,"",-5.6,"",3.5,"",85.4,"",993.8,"",1024.6,"",.1,"",.1,""
"351220495","LUBLIN-RADAWIEC","2018","02","24",5.9,"",3.4,"",-9.7,"",2.3,"",78.9,"",993.1,"",1024.5,"",.4,"",.0,""
"351220495","LUBLIN-RADAWIEC","2018","02","25",4.8,"",3.0,"",-12.5,"",1.9,"",81.0,"",997.8,"",1029.6,"",.0,"",.0,""
"351220495","LUBLIN-RADAWIEC","2018","02","26",5.8,"",1.5,"",-12.5,"",1.8,"",77.6,"",996.2,"",1028.0,"",.1,"",.0,""
"351220495","LUBLIN-RADAWIEC","2018","02","27",4.5,"",3.0,"",-13.6,"",1.5,"",71.6,"",992.8,"",1024.6,"",.0,"",.0,""
"351220495","LUBLIN-RADAWIEC","2018","02","28",7.5,"",3.0,"",-12.8,"",1.8,"",77.1,"",994.3,"",1026.1,"",.3,"",.0,""
"351230497","W£ODAWA","2018","02","01",7.6,"",3.9,"",2.8,"",6.2,"",82.8,"",983.1,"",1005.2,"",.3,"",.5,""
"351230497","W£ODAWA","2018","02","02",8.0,"",2.1,"",2.1,"",6.7,"",95.1,"",984.6,"",1006.8,"",1.1,"",2.2,""
"351230497","W£ODAWA","2018","02","03",8.0,"",2.3,"",.0,"",5.9,"",96.5,"",983.8,"",1006.2,"",.0,"",.0,""
"351230497","W£ODAWA","2018","02","04",8.0,"",4.4,"",-.8,"",4.5,"",79.5,"",989.9,"",1012.4,"",.0,"",.7,""
"351230497","W£ODAWA","2018","02","05",5.1,"",3.8,"",-5.5,"",3.1,"",76.3,"",1000.5,"",1023.7,"",.1,"",.0,""
"351230497","W£ODAWA","2018","02","06",4.1,"",4.4,"",-6.2,"",3.0,"",79.6,"",999.3,"",1022.5,"",.0,"",.0,""
"351230497","W£ODAWA","2018","02","07",4.0,"",3.1,"",-6.2,"",3.4,"",86.0,"",998.4,"",1021.6,"",.0,"",1.4,""
"351230497","W£ODAWA","2018","02","08",8.0,"",2.9,"",-.2,"",6.0,"",98.9,"",993.5,"",1016.1,"",.0,"",.1,""
"351230497","W£ODAWA","2018","02","09",8.0,"",4.5,"",-1.6,"",5.2,"",96.3,"",994.7,"",1017.4,"",.1,"",3.3,""
"351230497","W£ODAWA","2018","02","10",8.0,"",3.1,"",-2.7,"",4.6,"",92.1,"",994.9,"",1017.7,"",.7,"",.0,""
"351230497","W£ODAWA","2018","02","11",8.0,"",2.4,"",-4.0,"",4.0,"",88.3,"",991.5,"",1014.3,"",.0,"",.0,""
"351230497","W£ODAWA","2018","02","12",8.0,"",2.4,"",-1.5,"",4.9,"",90.5,"",990.0,"",1012.6,"",.0,"",.0,""
"351230497","W£ODAWA","2018","02","13",7.9,"",2.1,"",-.3,"",5.8,"",96.3,"",994.9,"",1017.5,"",.0,"",.4,""
"351230497","W£ODAWA","2018","02","14",8.0,"",3.0,"",-2.1,"",4.9,"",93.1,"",997.4,"",1020.2,"",.6,"",.0,""
"351230497","W£ODAWA","2018","02","15",7.8,"",2.6,"",-4.3,"",3.8,"",86.1,"",1003.0,"",1026.1,"",.0,"",.0,""
"351230497","W£ODAWA","2018","02","16",7.5,"",3.5,"",-1.4,"",4.6,"",84.4,"",1001.0,"",1023.8,"",.0,"",.0,""
"351230497","W£ODAWA","2018","02","17",6.0,"",5.1,"",-.1,"",5.4,"",90.3,"",1000.8,"",1023.5,"",.2,"",.0,""
"351230497","W£ODAWA","2018","02","18",7.5,"",4.5,"",-.9,"",4.6,"",81.0,"",1002.1,"",1024.9,"",.0,"",.0,""
"351230497","W£ODAWA","2018","02","19",2.9,"",2.0,"",-2.8,"",3.6,"",74.4,"",1003.7,"",1026.7,"",.0,"",.0,""
"351230497","W£ODAWA","2018","02","20",4.4,"",3.3,"",-3.2,"",3.4,"",71.3,"",1001.0,"",1023.9,"",.0,"",.0,""
"351230497","W£ODAWA","2018","02","21",5.3,"",3.0,"",-2.7,"",3.9,"",78.3,"",999.8,"",1022.8,"",.0,"",.0,""
"351230497","W£ODAWA","2018","02","22",7.6,"",3.4,"",-4.4,"",3.6,"",80.8,"",1002.3,"",1025.4,"",.0,"",.0,""
"351230497","W£ODAWA","2018","02","23",7.4,"",3.0,"",-5.5,"",3.4,"",83.0,"",1001.6,"",1024.8,"",.0,"",.0,""
"351230497","W£ODAWA","2018","02","24",4.5,"",4.1,"",-9.9,"",2.3,"",80.1,"",1000.6,"",1024.1,"",.0,"",.0,""
"351230497","W£ODAWA","2018","02","25",3.6,"",3.3,"",-11.6,"",2.0,"",77.9,"",1005.2,"",1029.0,"",.0,"",.0,""
"351230497","W£ODAWA","2018","02","26",6.3,"",2.5,"",-11.5,"",1.8,"",71.6,"",1004.2,"",1028.0,"",.0,"",.0,""
"351230497","W£ODAWA","2018","02","27",6.3,"",3.4,"",-13.1,"",1.5,"",69.8,"",1001.5,"",1025.4,"",.0,"",.0,""
"351230497","W£ODAWA","2018","02","28",6.4,"",3.9,"",-12.5,"",1.8,"",78.9,"",1002.3,"",1026.2,"",.3,"",.0,""
"352140310","S£UBICE","2018","02","01",6.0,"",2.5,"",3.7,"",6.9,"",85.8,"",993.8,"",1000.4,"",.0,"",.0,""
"352140310","S£UBICE","2018","02","02",3.6,"",3.0,"",1.8,"",5.6,"",81.3,"",997.0,"",1003.7,"",.0,"",.3,""
"352140310","S£UBICE","2018","02","03",7.8,"",3.1,"",1.8,"",6.4,"",91.6,"",997.8,"",1004.5,"",.8,"",.0,""
"352140310","S£UBICE","2018","02","04",6.0,"",2.1,"",-1.3,"",5.4,"",96.5,"",1010.5,"",1017.4,"",1.1,"",.0,""
"352140310","S£UBICE","2018","02","05",2.3,"",1.8,"",-2.5,"",4.5,"",87.4,"",1021.5,"",1028.5,"",.0,"",.0,""
"352140310","S£UBICE","2018","02","06",1.5,"",1.9,"",-4.5,"",3.2,"",75.9,"",1013.8,"",1020.8,"",.0,"",.0,""
"352140310","S£UBICE","2018","02","07",3.6,"",2.0,"",-3.1,"",3.9,"",80.0,"",1010.2,"",1017.2,"",.0,"",.0,""
"352140310","S£UBICE","2018","02","08",1.5,"",1.5,"",-5.2,"",3.7,"",89.8,"",1013.7,"",1020.7,"",.0,"",.0,""
"352140310","S£UBICE","2018","02","09",3.8,"",2.1,"",-3.6,"",3.8,"",81.3,"",1012.2,"",1019.2,"",.0,"",.0,""
"352140310","S£UBICE","2018","02","10",7.4,"",2.0,"",-2.1,"",4.6,"",87.9,"",1010.2,"",1017.1,"",.0,"",.0,""
"352140310","S£UBICE","2018","02","11",7.3,"",3.8,"",1.7,"",5.5,"",79.8,"",999.5,"",1006.2,"",.1,"",.0,""
"352140310","S£UBICE","2018","02","12",4.1,"",3.3,"",1.4,"",5.7,"",84.9,"",1002.7,"",1009.5,"",.2,"",.0,""
"352140310","S£UBICE","2018","02","13",1.5,"",2.5,"",-.3,"",5.0,"",84.8,"",1010.2,"",1017.0,"",.1,"",.0,""
"352140310","S£UBICE","2018","02","14",4.0,"",1.6,"",-4.1,"",4.5,"",99.3,"",1014.8,"",1021.8,"",.0,"",.0,""
"352140310","S£UBICE","2018","02","15",7.5,"",3.5,"",-1.7,"",4.7,"",88.5,"",1014.6,"",1021.5,"",.0,"",.0,""
"352140310","S£UBICE","2018","02","16",4.6,"",3.8,"",3.0,"",5.8,"",77.8,"",1014.8,"",1021.6,"",.2,"",.0,""
"352140310","S£UBICE","2018","02","17",6.4,"",1.6,"",1.3,"",6.1,"",90.6,"",1018.3,"",1025.2,"",.0,"",.0,""
"352140310","S£UBICE","2018","02","18",7.6,"",1.4,"",1.4,"",4.9,"",73.8,"",1021.9,"",1028.8,"",.0,"",.0,""
"352140310","S£UBICE","2018","02","19",7.8,"",2.1,"",.9,"",4.5,"",69.9,"",1016.4,"",1023.2,"",.0,"",.0,""
"352140310","S£UBICE","2018","02","20",5.0,"",2.8,"",-.3,"",4.2,"",71.3,"",1014.1,"",1021.0,"",.0,"",.0,""
"352140310","S£UBICE","2018","02","21",3.6,"",2.4,"",-.7,"",4.4,"",76.5,"",1018.3,"",1025.2,"",.0,"",.0,""
"352140310","S£UBICE","2018","02","22",3.9,"",2.0,"",-1.8,"",4.0,"",75.6,"",1019.3,"",1026.3,"",.0,"",.0,""
"352140310","S£UBICE","2018","02","23",1.5,"",2.3,"",-4.9,"",2.9,"",69.4,"",1019.9,"",1026.9,"",.0,"",.0,""
"352140310","S£UBICE","2018","02","24",3.3,"",3.8,"",-4.4,"",2.9,"",66.3,"",1023.0,"",1030.1,"",.0,"",.0,""
"352140310","S£UBICE","2018","02","25",2.0,"",2.0,"",-7.1,"",2.5,"",69.8,"",1025.2,"",1032.3,"",.0,"",.3,""
"352140310","S£UBICE","2018","02","26",1.9,"",2.9,"",-8.8,"",2.1,"",68.3,"",1021.9,"",1029.1,"",.0,"",.0,""
"352140310","S£UBICE","2018","02","27",3.1,"",2.5,"",-10.1,"",1.9,"",67.3,"",1017.5,"",1024.6,"",.0,"",.0,""
"352140310","S£UBICE","2018","02","28",2.4,"",3.1,"",-9.7,"",1.9,"",66.6,"",1020.8,"",1028.0,"",.0,"",.0,""
"352150300","GORZ”W WIELKOPOLSKI","2018","02","01",6.8,"",2.1,"",3.5,"",6.9,"",87.5,"",991.1,"",1000.0,"",.0,"",.0,""
"352150300","GORZ”W WIELKOPOLSKI","2018","02","02",3.8,"",1.8,"",1.3,"",5.7,"",85.3,"",994.7,"",1003.7,"",.0,"",1.0,""
"352150300","GORZ”W WIELKOPOLSKI","2018","02","03",7.9,"",2.4,"",1.5,"",6.5,"",95.5,"",995.0,"",1004.0,"",1.7,"",.0,""
"352150300","GORZ”W WIELKOPOLSKI","2018","02","04",7.6,"",2.8,"",-.7,"",5.7,"",96.8,"",1007.7,"",1016.9,"",1.8,"",.1,""
"352150300","GORZ”W WIELKOPOLSKI","2018","02","05",3.8,"",1.9,"",-2.0,"",4.2,"",80.1,"",1018.9,"",1028.3,"",.0,"",.0,""
"352150300","GORZ”W WIELKOPOLSKI","2018","02","06",4.5,"",1.5,"",-4.0,"",3.9,"",85.3,"",1011.5,"",1020.9,"",.0,"",.0,""
"352150300","GORZ”W WIELKOPOLSKI","2018","02","07",4.3,"",1.8,"",-3.7,"",3.8,"",80.6,"",1008.3,"",1017.6,"",.0,"",.0,""
"352150300","GORZ”W WIELKOPOLSKI","2018","02","08",.6,"",1.8,"",-4.5,"",3.2,"",75.3,"",1011.2,"",1020.6,"",.0,"",.0,""
"352150300","GORZ”W WIELKOPOLSKI","2018","02","09",1.8,"",1.5,"",-4.8,"",3.6,"",82.9,"",1010.3,"",1019.7,"",.0,"",.0,""
"352150300","GORZ”W WIELKOPOLSKI","2018","02","10",7.9,"",1.8,"",-2.9,"",4.4,"",89.0,"",1008.1,"",1017.4,"",.0,"",.0,""
"352150300","GORZ”W WIELKOPOLSKI","2018","02","11",7.9,"",2.4,"",.7,"",5.3,"",82.8,"",997.3,"",1006.4,"",.0,"",.2,""
"352150300","GORZ”W WIELKOPOLSKI","2018","02","12",4.8,"",2.3,"",1.0,"",5.8,"",88.3,"",999.8,"",1008.8,"",.0,"",.0,""
"352150300","GORZ”W WIELKOPOLSKI","2018","02","13",2.3,"",1.6,"",-.9,"",5.3,"",92.3,"",1007.7,"",1016.9,"",.0,"",.0,""
"352150300","GORZ”W WIELKOPOLSKI","2018","02","14",7.0,"",1.8,"",-3.3,"",4.8,"",99.8,"",1012.6,"",1022.0,"",.0,"",.0,""
"352150300","GORZ”W WIELKOPOLSKI","2018","02","15",7.9,"",3.3,"",-2.4,"",4.9,"",94.9,"",1012.8,"",1022.1,"",.0,"",.8,""
"352150300","GORZ”W WIELKOPOLSKI","2018","02","16",4.3,"",3.0,"",2.0,"",5.9,"",83.5,"",1011.7,"",1020.8,"",.0,"",.0,""
"352150300","GORZ”W WIELKOPOLSKI","2018","02","17",7.8,"",1.9,"",1.1,"",6.0,"",90.4,"",1015.3,"",1024.5,"",.0,"",.0,""
"352150300","GORZ”W WIELKOPOLSKI","2018","02","18",7.1,"",1.4,"",1.2,"",5.0,"",76.1,"",1019.1,"",1028.4,"",.0,"",.0,""
"352150300","GORZ”W WIELKOPOLSKI","2018","02","19",7.5,"",2.0,"",.9,"",4.5,"",69.3,"",1014.3,"",1023.5,"",.0,"",.0,""
"352150300","GORZ”W WIELKOPOLSKI","2018","02","20",3.5,"",3.3,"",-.3,"",4.2,"",71.4,"",1012.4,"",1021.6,"",.0,"",.0,""
"352150300","GORZ”W WIELKOPOLSKI","2018","02","21",4.3,"",2.8,"",-.8,"",4.4,"",77.4,"",1016.1,"",1025.4,"",.0,"",.0,""
"352150300","GORZ”W WIELKOPOLSKI","2018","02","22",4.5,"",2.0,"",-2.0,"",3.9,"",74.9,"",1017.2,"",1026.5,"",.0,"",.0,""
"352150300","GORZ”W WIELKOPOLSKI","2018","02","23",2.1,"",2.5,"",-5.2,"",2.7,"",67.6,"",1017.8,"",1027.2,"",.0,"",.0,""
"352150300","GORZ”W WIELKOPOLSKI","2018","02","24",3.5,"",3.9,"",-4.0,"",2.8,"",61.9,"",1020.5,"",1029.9,"",.0,"",.0,""
"352150300","GORZ”W WIELKOPOLSKI","2018","02","25",3.1,"",1.8,"",-7.3,"",2.6,"",73.0,"",1022.8,"",1032.4,"",.0,"",.2,""
"352150300","GORZ”W WIELKOPOLSKI","2018","02","26",2.0,"",2.9,"",-8.2,"",2.0,"",61.9,"",1019.6,"",1029.2,"",.0,"",.0,""
"352150300","GORZ”W WIELKOPOLSKI","2018","02","27",3.5,"",2.5,"",-10.2,"",2.0,"",70.1,"",1015.3,"",1025.0,"",.0,"",.0,""
"352150300","GORZ”W WIELKOPOLSKI","2018","02","28",2.0,"",3.6,"",-9.9,"",1.8,"",64.6,"",1019.0,"",1028.6,"",.0,"",.0,""
"352160330","POZNA—","2018","02","01",7.5,"",3.5,"",4.6,"",7.3,"",86.4,"",989.9,"",1000.7,"",1.6,"",.0,""
"352160330","POZNA—","2018","02","02",3.8,"",3.4,"",2.1,"",5.5,"",77.9,"",994.0,"",1005.0,"",.0,"",.0,""
"352160330","POZNA—","2018","02","03",7.5,"",3.0,"",2.1,"",6.0,"",84.6,"",993.2,"",1004.2,"",.7,"",.0,""
"352160330","POZNA—","2018","02","04",7.4,"",3.5,"",.3,"",5.7,"",91.3,"",1005.0,"",1016.1,"",.5,"",.2,""
"352160330","POZNA—","2018","02","05",5.6,"",2.5,"",-2.3,"",4.2,"",80.6,"",1016.3,"",1027.7,"",.0,"",.0,""
"352160330","POZNA—","2018","02","06",5.3,"",2.4,"",-3.3,"",3.8,"",78.6,"",1009.9,"",1021.3,"",.0,"",.0,""
"352160330","POZNA—","2018","02","07",2.3,"",3.0,"",-3.7,"",3.6,"",77.9,"",1006.2,"",1017.6,"",.0,"",.0,""
"352160330","POZNA—","2018","02","08",2.4,"",2.0,"",-3.6,"",3.9,"",82.6,"",1008.7,"",1020.1,"",.0,"",.0,""
"352160330","POZNA—","2018","02","09",4.0,"",1.8,"",-6.8,"",3.4,"",91.3,"",1008.9,"",1020.4,"",.0,"",.0,""
"352160330","POZNA—","2018","02","10",7.5,"",2.9,"",-4.0,"",3.9,"",86.1,"",1007.0,"",1018.4,"",.0,"",.0,""
"352160330","POZNA—","2018","02","11",7.8,"",3.6,"",.1,"",4.7,"",76.8,"",997.3,"",1008.4,"",.0,"",1.4,""
"352160330","POZNA—","2018","02","12",5.4,"",3.1,"",1.2,"",5.9,"",88.5,"",998.4,"",1009.5,"",.0,"",.0,""
"352160330","POZNA—","2018","02","13",1.5,"",2.4,"",-1.4,"",4.9,"",88.0,"",1006.3,"",1017.6,"",.0,"",.0,""
"352160330","POZNA—","2018","02","14",7.0,"",2.5,"",-2.7,"",4.9,"",97.6,"",1010.6,"",1021.9,"",.0,"",.0,""
"352160330","POZNA—","2018","02","15",7.6,"",3.3,"",-.5,"",5.0,"",85.3,"",1011.7,"",1023.0,"",.0,"",.0,""
"352160330","POZNA—","2018","02","16",5.1,"",4.8,"",1.9,"",5.5,"",78.0,"",1010.1,"",1021.2,"",.0,"",.0,""
"352160330","POZNA—","2018","02","17",7.3,"",3.0,"",1.2,"",5.8,"",86.8,"",1013.2,"",1024.4,"",.0,"",.0,""
"352160330","POZNA—","2018","02","18",6.6,"",1.9,"",.4,"",5.3,"",84.4,"",1016.9,"",1028.2,"",.0,"",.0,""
"352160330","POZNA—","2018","02","19",7.8,"",2.9,"",.8,"",4.5,"",69.3,"",1013.3,"",1024.5,"",.0,"",.0,""
"352160330","POZNA—","2018","02","20",4.0,"",4.8,"",-.8,"",3.9,"",68.5,"",1010.5,"",1021.8,"",.0,"",.0,""
"352160330","POZNA—","2018","02","21",3.4,"",3.4,"",-1.8,"",4.0,"",75.5,"",1013.6,"",1024.9,"",.0,"",.0,""
"352160330","POZNA—","2018","02","22",5.0,"",3.1,"",-3.8,"",3.4,"",74.0,"",1015.1,"",1026.6,"",.0,"",.0,""
"352160330","POZNA—","2018","02","23",1.9,"",3.0,"",-6.5,"",2.6,"",70.6,"",1015.5,"",1027.0,"",.0,"",.0,""
"352160330","POZNA—","2018","02","24",4.6,"",6.5,"",-5.1,"",2.6,"",62.5,"",1017.3,"",1028.8,"",.0,"",.0,""
"352160330","POZNA—","2018","02","25",1.6,"",2.9,"",-9.5,"",1.9,"",65.5,"",1020.5,"",1032.2,"",.0,"",.0,""
"352160330","POZNA—","2018","02","26",2.4,"",3.5,"",-10.8,"",1.8,"",66.5,"",1017.4,"",1029.2,"",.0,"",.0,""
"352160330","POZNA—","2018","02","27",4.0,"",3.5,"",-11.3,"",1.8,"",70.5,"",1013.2,"",1024.9,"",.0,"",.0,""
"352160330","POZNA—","2018","02","28",3.4,"",5.5,"",-9.6,"",1.8,"",62.4,"",1016.6,"",1028.3,"",.0,"",.0,""
"352180345","KO£O","2018","02","01",.0,"8",2.6,"",3.7,"",7.0,"",88.0,"",987.0,"",1001.4,"",2.6,"",.0,""
"352180345","KO£O","2018","02","02",.0,"8",1.6,"",1.2,"",6.1,"",91.0,"",991.2,"",1005.8,"",.0,"",.0,""
"352180345","KO£O","2018","02","03",.0,"8",1.9,"",1.0,"",5.7,"",86.4,"",990.2,"",1004.8,"",.0,"",.3,""
"352180345","KO£O","2018","02","04",.0,"8",2.8,"",.3,"",5.3,"",84.8,"",1000.6,"",1015.5,"",.0,"",.0,""
"352180345","KO£O","2018","02","05",.0,"8",3.0,"",-2.5,"",3.4,"",65.5,"",1011.6,"",1026.7,"",.0,"",.0,""
"352180345","KO£O","2018","02","06",.0,"8",2.3,"",-4.0,"",3.7,"",80.8,"",1006.5,"",1021.6,"",.0,"",.0,""
"352180345","KO£O","2018","02","07",.0,"8",3.4,"",-3.6,"",3.8,"",79.3,"",1003.1,"",1018.2,"",.0,"",.0,""
"352180345","KO£O","2018","02","08",.0,"8",2.4,"",-3.6,"",4.0,"",83.1,"",1004.1,"",1019.2,"",.0,"",.0,""
"352180345","KO£O","2018","02","09",.0,"8",1.8,"",-4.9,"",3.9,"",90.3,"",1005.3,"",1020.5,"",.0,"",.0,""
"352180345","KO£O","2018","02","10",.0,"8",.9,"",-4.4,"",3.9,"",86.8,"",1003.6,"",1018.7,"",.0,"",.0,""
"352180345","KO£O","2018","02","11",.0,"8",3.3,"",-2.2,"",4.3,"",82.3,"",995.3,"",1010.2,"",.0,"",.0,""
"352180345","KO£O","2018","02","12",.0,"8",2.0,"",1.0,"",5.4,"",81.6,"",995.1,"",1009.8,"",.0,"",.0,""
"352180345","KO£O","2018","02","13",.0,"8",1.5,"",.0,"8",.0,"8",.0,"8",1002.8,"",.0,"8",.0,"",.0,""
"352180345","KO£O","2018","02","14",.0,"8",2.8,"",.0,"8",.0,"8",.0,"8",1005.9,"",.0,"8",.0,"",.0,""
"352180345","KO£O","2018","02","15",.0,"8",3.3,"",-1.6,"",4.7,"",86.6,"",1009.0,"",1024.1,"",.0,"",.0,""
"352180345","KO£O","2018","02","16",.0,"8",3.1,"",.7,"",5.2,"",81.6,"",1006.8,"",1021.7,"",.0,"",.0,""
"352180345","KO£O","2018","02","17",.0,"8",3.0,"",.9,"",5.5,"",84.8,"",1009.0,"",1023.9,"",.0,"",.0,""
"352180345","KO£O","2018","02","18",.0,"8",2.0,"",.3,"",5.2,"",83.3,"",1012.6,"",1027.6,"",.0,"",.0,""
"352180345","KO£O","2018","02","19",.0,"8",2.0,"",.2,"",4.9,"",79.3,"",1010.3,"",1025.2,"",.0,"",.0,""
"352180345","KO£O","2018","02","20",.0,"8",4.4,"",-1.5,"",4.0,"",72.8,"",1007.0,"",1022.1,"",.0,"",.0,""
"352180345","KO£O","2018","02","21",.0,"8",3.0,"",-2.4,"",4.1,"",80.1,"",1009.1,"",1024.2,"",.0,"",.0,""
"352180345","KO£O","2018","02","22",.0,"8",2.8,"",-4.3,"",3.3,"",73.1,"",1011.2,"",1026.5,"",.0,"",.0,""
"352180345","KO£O","2018","02","23",.0,"8",2.9,"",-5.6,"",2.6,"",63.9,"",1011.1,"",1026.4,"",.0,"",.0,""
"352180345","KO£O","2018","02","24",.0,"8",5.3,"",-6.4,"",2.6,"",68.6,"",1011.8,"",1027.2,"",.0,"",.0,""
"352180345","KO£O","2018","02","25",.0,"8",2.9,"",-10.3,"",1.8,"",65.8,"",1015.9,"",1031.6,"",.0,"",.0,""
"352180345","KO£O","2018","02","26",.0,"8",2.9,"",-11.6,"",1.7,"",67.1,"",1013.1,"",1028.8,"",.0,"",.0,""
"352180345","KO£O","2018","02","27",.0,"8",4.4,"",-11.1,"",1.7,"",64.1,"",1009.1,"",1024.7,"",.0,"",.0,""
"352180345","KO£O","2018","02","28",.0,"8",5.1,"",-10.0,"",1.6,"",55.9,"",1012.2,"",1027.8,"",.0,"",.0,""
"352190360","P£OCK","2018","02","01",.0,"8",3.0,"",4.1,"",7.4,"",89.4,"",988.0,"",1001.3,"",.0,"",.0,""
"352190360","P£OCK","2018","02","02",.0,"8",1.8,"",2.0,"",6.6,"",93.6,"",992.4,"",1005.9,"",.0,"",.0,""
"352190360","P£OCK","2018","02","03",.0,"8",2.1,"",.1,"",5.8,"",94.5,"",991.8,"",1005.4,"",.0,"",.0,""
"352190360","P£OCK","2018","02","04",.0,"8",3.5,"",-.3,"",4.9,"",82.1,"",1001.8,"",1015.6,"",.0,"",.0,""
"352190360","P£OCK","2018","02","05",.0,"8",3.6,"",-3.5,"",3.5,"",74.0,"",1012.0,"",1026.0,"",.0,"",.1,""
"352190360","P£OCK","2018","02","06",.0,"8",3.3,"",-4.4,"",3.9,"",87.8,"",1007.4,"",1021.4,"",.0,"",.0,""
"352190360","P£OCK","2018","02","07",.0,"8",2.4,"",-4.5,"",3.6,"",82.3,"",1005.2,"",1019.2,"",.0,"",.0,""
"352190360","P£OCK","2018","02","08",.0,"8",2.8,"",-4.3,"",4.1,"",90.9,"",1005.1,"",1019.1,"",.0,"",.0,""
"352190360","P£OCK","2018","02","09",.0,"8",1.5,"",-4.6,"",4.2,"",95.8,"",1006.4,"",1020.4,"",.0,"",.0,""
"352190360","P£OCK","2018","02","10",.0,"8",1.8,"",-4.0,"",4.2,"",92.3,"",1004.8,"",1018.8,"",.0,"",.0,""
"352190360","P£OCK","2018","02","11",.0,"8",2.5,"",-2.1,"",4.5,"",86.9,"",997.2,"",1010.9,"",.0,"",.1,""
"352190360","P£OCK","2018","02","12",.0,"8",2.4,"",.1,"",5.6,"",90.4,"",996.4,"",1010.0,"",.0,"",.0,""
"352190360","P£OCK","2018","02","13",.0,"8",1.1,"",.2,"",5.5,"",89.1,"",1003.9,"",1017.5,"",.0,"",.0,""
"352190360","P£OCK","2018","02","14",.0,"8",.0,"8",.0,"8",.0,"8",.0,"8",.0,"8",.0,"8",.0,"8",.0,"8"
"352190360","P£OCK","2018","02","15",.0,"8",3.1,"",-2.6,"",4.5,"",89.1,"",1011.1,"",1024.7,"",.0,"",.0,""
"352190360","P£OCK","2018","02","16",.0,"8",3.9,"",-.5,"",5.3,"",89.1,"",1007.8,"",1021.3,"",.0,"",.0,""
"352190360","P£OCK","2018","02","17",.0,"8",3.9,"",.8,"",5.6,"",86.9,"",1009.3,"",1022.8,"",.0,"",.0,""
"352190360","P£OCK","2018","02","18",.0,"8",2.0,"",-.1,"",5.1,"",84.1,"",1013.4,"",1026.9,"",.0,"",.0,""
"352190360","P£OCK","2018","02","19",.0,"8",.0,"8",.0,"8",.0,"8",.0,"8",.0,"8",.0,"8",.0,"8",.0,"8"
"352190360","P£OCK","2018","02","20",.0,"8",3.0,"",-.5,"",4.4,"",75.0,"",1009.1,"",1022.8,"",.0,"",.0,""
"352190360","P£OCK","2018","02","21",.0,"8",3.3,"",-2.6,"",4.2,"",83.5,"",1010.4,"",1024.4,"",.0,"",.0,""
"352190360","P£OCK","2018","02","22",.0,"8",2.4,"",-4.7,"",3.2,"",73.4,"",1012.7,"",1026.8,"",.0,"",.0,""
"352190360","P£OCK","2018","02","23",.0,"8",2.8,"",-5.7,"",2.6,"",66.3,"",1012.2,"",1026.3,"",.0,"",.0,""
"352190360","P£OCK","2018","02","24",.0,"8",5.5,"",-7.2,"",2.6,"",71.4,"",1012.6,"",1026.8,"",.0,"",.0,""
"352190360","P£OCK","2018","02","25",.0,"8",3.0,"",-10.9,"",1.9,"",70.3,"",1017.0,"",1031.6,"",.0,"",.0,""
"352190360","P£OCK","2018","02","26",.0,"8",2.6,"",-12.1,"",1.7,"",71.3,"",1014.5,"",1029.0,"",.0,"",.0,""
"352190360","P£OCK","2018","02","27",.0,"8",3.8,"",-11.4,"",1.8,"",72.0,"",1011.0,"",1025.4,"",.0,"",.0,""
"352190360","P£OCK","2018","02","28",.0,"8",5.1,"",-11.1,"",1.6,"",62.3,"",1014.0,"",1028.5,"",.0,"",.0,""
"352200375","WARSZAWA","2018","02","01",8.0,"",2.6,"",4.2,"",7.3,"",87.8,"",989.4,"",1002.4,"",1.3,"",3.8,""
"352200375","WARSZAWA","2018","02","02",7.5,"",1.4,"",1.6,"",6.5,"",93.8,"",993.5,"",1006.6,"",.0,"",.0,""
"352200375","WARSZAWA","2018","02","03",7.4,"",2.1,"",-.5,"",5.7,"",95.4,"",992.8,"",1006.0,"",.0,"",.0,""
"352200375","WARSZAWA","2018","02","04",7.0,"",3.5,"",-.8,"",4.5,"",78.8,"",1001.4,"",1014.8,"",.0,"",.2,""
"352200375","WARSZAWA","2018","02","05",5.8,"",4.4,"",-3.5,"",3.3,"",70.3,"",1011.5,"",1025.1,"",.0,"",.1,""
"352200375","WARSZAWA","2018","02","06",4.6,"",2.1,"",-4.9,"",3.4,"",80.5,"",1008.2,"",1021.9,"",.0,"",.0,""
"352200375","WARSZAWA","2018","02","07",3.4,"",3.5,"",-4.5,"",3.5,"",78.6,"",1006.0,"",1019.7,"",.0,"",.9,""
"352200375","WARSZAWA","2018","02","08",8.0,"",3.8,"",-1.6,"",4.8,"",89.0,"",1004.6,"",1018.0,"",.0,"",.0,""
"352200375","WARSZAWA","2018","02","09",8.0,"",3.3,"",-3.0,"",4.5,"",90.9,"",1006.3,"",1019.8,"",.0,"",.0,""
"352200375","WARSZAWA","2018","02","10",7.8,"",1.8,"",-3.6,"",4.1,"",88.1,"",1005.1,"",1018.7,"",.0,"",.0,""
"352200375","WARSZAWA","2018","02","11",7.6,"",3.1,"",-2.1,"",4.3,"",81.3,"",998.7,"",1012.2,"",.0,"",.0,""
"352200375","WARSZAWA","2018","02","12",6.6,"",2.0,"",-.2,"",5.2,"",85.9,"",997.6,"",1010.9,"",.0,"",.0,""
"352200375","WARSZAWA","2018","02","13",6.4,"",1.6,"",-.3,"",5.2,"",87.5,"",1004.4,"",1017.8,"",.0,"",.0,""
"352200375","WARSZAWA","2018","02","14",7.8,"",2.6,"",-.3,"",5.3,"",88.1,"",1006.9,"",1020.3,"",.1,"",.3,""
"352200375","WARSZAWA","2018","02","15",7.8,"",3.3,"",-2.9,"",4.2,"",85.1,"",1011.7,"",1025.3,"",.0,"",.0,""
"352200375","WARSZAWA","2018","02","16",6.8,"",2.9,"",-.2,"",5.0,"",83.4,"",1008.8,"",1022.3,"",.1,"",.0,""
"352200375","WARSZAWA","2018","02","17",5.4,"",2.9,"",.8,"",5.6,"",87.0,"",1009.8,"",1023.2,"",.0,"",.0,""
"352200375","WARSZAWA","2018","02","18",5.3,"",3.8,"",.1,"",4.9,"",79.4,"",1012.8,"",1026.3,"",.0,"",.0,""
"352200375","WARSZAWA","2018","02","19",6.9,"",1.0,"",.3,"",4.4,"",69.9,"",1012.4,"",1025.8,"",.0,"",.0,""
"352200375","WARSZAWA","2018","02","20",4.0,"",4.3,"",-1.0,"",3.5,"",63.3,"",1009.3,"",1022.8,"",.0,"",.0,""
"352200375","WARSZAWA","2018","02","21",3.1,"",3.9,"",-2.7,"",3.6,"",71.5,"",1010.2,"",1023.8,"",.0,"",.0,""
"352200375","WARSZAWA","2018","02","22",4.6,"",3.5,"",-5.8,"",2.7,"",67.8,"",1012.9,"",1026.7,"",.0,"",.0,""
"352200375","WARSZAWA","2018","02","23",5.0,"",3.1,"",-6.1,"",2.6,"",67.3,"",1012.0,"",1025.9,"",.0,"",.3,""
"352200375","WARSZAWA","2018","02","24",5.0,"",5.4,"",-7.6,"",2.5,"",71.8,"",1011.9,"",1025.8,"",.1,"",.0,""
"352200375","WARSZAWA","2018","02","25",3.5,"",3.4,"",-10.9,"",1.8,"",67.5,"",1016.8,"",1030.9,"",.0,"",.0,""
"352200375","WARSZAWA","2018","02","26",6.4,"",2.8,"",-11.0,"",1.8,"",66.1,"",1014.4,"",1028.5,"",.0,"",.0,""
"352200375","WARSZAWA","2018","02","27",4.3,"",3.9,"",-11.8,"",1.6,"",64.3,"",1011.2,"",1025.3,"",.0,"",.0,""
"352200375","WARSZAWA","2018","02","28",5.9,"",5.1,"",-11.0,"",1.7,"",65.1,"",1013.6,"",1027.7,"",.0,"",.0,""
"352220385","SIEDLCE","2018","02","01",7.9,"",2.9,"",3.4,"",6.8,"",86.3,"",984.2,"",1003.3,"",2.2,"",4.5,""
"352220385","SIEDLCE","2018","02","02",7.8,"",1.8,"",2.1,"",6.7,"",94.5,"",987.3,"",1006.6,"",.0,"",.0,""
"352220385","SIEDLCE","2018","02","03",7.9,"",1.5,"",.2,"",5.9,"",96.0,"",986.9,"",1006.3,"",.0,"",.0,""
"352220385","SIEDLCE","2018","02","04",7.6,"",2.8,"",-.9,"",4.6,"",79.1,"",994.3,"",1013.9,"",.0,"",.0,""
"352220385","SIEDLCE","2018","02","05",6.1,"",3.5,"",-4.6,"",3.1,"",70.6,"",1004.3,"",1024.4,"",.0,"",.0,""
"352220385","SIEDLCE","2018","02","06",4.4,"",2.9,"",-5.6,"",3.4,"",83.3,"",1001.6,"",1021.7,"",.0,"",.0,""
"352220385","SIEDLCE","2018","02","07",3.1,"",2.6,"",-5.2,"",3.3,"",80.0,"",1000.7,"",1020.8,"",.0,"",1.9,""
"352220385","SIEDLCE","2018","02","08",8.0,"",2.5,"",-1.8,"",5.0,"",92.3,"",997.8,"",1017.5,"",.0,"",.0,""
"352220385","SIEDLCE","2018","02","09",8.0,"",3.1,"",-2.3,"",4.6,"",88.8,"",999.2,"",1019.0,"",.0,"",.0,""
"352220385","SIEDLCE","2018","02","10",8.0,"",2.3,"",-3.8,"",4.0,"",87.5,"",998.6,"",1018.5,"",.0,"",.0,""
"352220385","SIEDLCE","2018","02","11",8.0,"",2.1,"",-3.6,"",3.9,"",84.0,"",993.7,"",1013.4,"",.0,"",.0,""
"352220385","SIEDLCE","2018","02","12",7.8,"",2.3,"",-1.3,"",5.0,"",88.8,"",992.0,"",1011.6,"",.0,"",.0,""
"352220385","SIEDLCE","2018","02","13",7.3,"",.9,"",-2.0,"",5.1,"",95.4,"",998.1,"",1017.9,"",.0,"",.3,""
"352220385","SIEDLCE","2018","02","14",7.9,"",2.4,"",-1.4,"",5.0,"",90.9,"",1000.8,"",1020.6,"",.6,"",.4,""
"352220385","SIEDLCE","2018","02","15",7.9,"",2.4,"",-3.7,"",3.9,"",84.5,"",1005.9,"",1026.0,"",.0,"",.0,""
"352220385","SIEDLCE","2018","02","16",7.0,"",3.4,"",-1.0,"",4.8,"",84.1,"",1002.9,"",1022.7,"",.0,"",.0,""
"352220385","SIEDLCE","2018","02","17",5.9,"",3.3,"",.1,"",5.5,"",89.5,"",1003.2,"",1022.9,"",.0,"",.0,""
"352220385","SIEDLCE","2018","02","18",5.0,"",2.9,"",-1.4,"",4.4,"",79.8,"",1005.8,"",1025.6,"",.0,"",.0,""
"352220385","SIEDLCE","2018","02","19",6.5,"",1.8,"",-1.6,"",4.1,"",76.8,"",1006.3,"",1026.2,"",.0,"",.0,""
"352220385","SIEDLCE","2018","02","20",4.1,"",2.3,"",-2.4,"",3.7,"",73.3,"",1003.8,"",1023.7,"",.0,"",.0,""
"352220385","SIEDLCE","2018","02","21",2.8,"",2.5,"",-4.2,"",3.6,"",79.1,"",1003.8,"",1023.8,"",.0,"",.0,""
"352220385","SIEDLCE","2018","02","22",4.3,"",2.3,"",-7.9,"",2.6,"",77.5,"",1006.5,"",1026.8,"",.0,"",.0,""
"352220385","SIEDLCE","2018","02","23",5.3,"",1.5,"",-7.0,"",2.9,"",78.6,"",1005.4,"",1025.7,"",.0,"",1.2,""
"352220385","SIEDLCE","2018","02","24",4.9,"",3.3,"",-9.5,"",2.2,"",74.4,"",1005.1,"",1025.5,"",.3,"",.0,""
"352220385","SIEDLCE","2018","02","25",3.5,"",2.4,"",-12.4,"",1.7,"",72.1,"",1009.6,"",1030.4,"",.0,"",.0,""
"352220385","SIEDLCE","2018","02","26",6.4,"",1.9,"",-12.4,"",1.7,"",73.6,"",1007.8,"",1028.5,"",.0,"",.0,""
"352220385","SIEDLCE","2018","02","27",4.5,"",3.3,"",-14.0,"",1.4,"",68.3,"",1005.1,"",1025.9,"",.0,"",.0,""
"352220385","SIEDLCE","2018","02","28",7.1,"",3.1,"",-12.0,"",1.8,"",72.6,"",1006.7,"",1027.3,"",.0,"",.0,""
"352230399","TERESPOL","2018","02","01",7.6,"",2.9,"",3.1,"",6.3,"",81.4,"",987.7,"",1004.6,"",3.2,"",.9,""
"352230399","TERESPOL","2018","02","02",7.9,"",1.5,"",2.3,"",6.7,"",93.0,"",989.7,"",1006.7,"",.0,"",.2,""
"352230399","TERESPOL","2018","02","03",7.8,"",1.9,"",.9,"",6.0,"",91.8,"",989.3,"",1006.3,"",.0,"",.0,""
"352230399","TERESPOL","2018","02","04",7.3,"",3.8,"",-.8,"",4.2,"",72.9,"",995.3,"",1012.6,"",.0,"",.3,""
"352230399","TERESPOL","2018","02","05",6.0,"",3.0,"",-5.2,"",3.0,"",72.1,"",1005.7,"",1023.5,"",.0,"",.0,""
"352230399","TERESPOL","2018","02","06",3.3,"",2.0,"",-5.8,"",3.1,"",78.5,"",1003.9,"",1021.7,"",.0,"",.0,""
"352230399","TERESPOL","2018","02","07",3.1,"",2.9,"",-6.1,"",3.2,"",80.9,"",1004.2,"",1022.0,"",.0,"",2.5,""
"352230399","TERESPOL","2018","02","08",8.0,"",2.8,"",-.6,"",5.6,"",95.0,"",999.4,"",1016.8,"",.0,"",.0,""
"352230399","TERESPOL","2018","02","09",8.0,"",3.4,"",-1.6,"",4.9,"",90.5,"",1000.4,"",1017.8,"",.0,"",2.2,""
"352230399","TERESPOL","2018","02","10",8.0,"",1.9,"",-2.7,"",4.4,"",88.0,"",1000.2,"",1017.7,"",.5,"",.0,""
"352230399","TERESPOL","2018","02","11",8.0,"",1.5,"",-3.8,"",4.0,"",86.1,"",996.7,"",1014.2,"",.0,"",.0,""
"352230399","TERESPOL","2018","02","12",8.0,"",2.1,"",-1.2,"",4.7,"",84.9,"",995.2,"",1012.5,"",.0,"",.0,""
"352230399","TERESPOL","2018","02","13",8.0,"",1.4,"",.0,"",5.6,"",91.9,"",1000.3,"",1017.6,"",.0,"",.6,""
"352230399","TERESPOL","2018","02","14",8.0,"",3.4,"",-2.2,"",4.5,"",86.8,"",1003.4,"",1020.9,"",.6,"",.0,""
"352230399","TERESPOL","2018","02","15",8.0,"",2.6,"",-4.2,"",3.6,"",80.4,"",1008.8,"",1026.6,"",.0,"",.0,""
"352230399","TERESPOL","2018","02","16",7.5,"",2.3,"",-1.3,"",4.6,"",82.3,"",1005.9,"",1023.4,"",.0,"",.0,""
"352230399","TERESPOL","2018","02","17",6.5,"",2.5,"",.0,"",5.4,"",87.9,"",1005.3,"",1022.7,"",.2,"",.0,""
"352230399","TERESPOL","2018","02","18",7.4,"",2.6,"",-1.2,"",4.3,"",76.5,"",1007.3,"",1024.9,"",.0,"",.0,""
"352230399","TERESPOL","2018","02","19",4.0,"",1.6,"",-2.9,"",3.8,"",76.8,"",1008.7,"",1026.3,"",.0,"",.0,""
"352230399","TERESPOL","2018","02","20",4.3,"",1.9,"",-2.0,"",3.4,"",67.5,"",1006.7,"",1024.2,"",.0,"",.0,""
"352230399","TERESPOL","2018","02","21",4.3,"",2.4,"",-2.9,"",3.5,"",70.9,"",1005.8,"",1023.4,"",.0,"",.0,""
"352230399","TERESPOL","2018","02","22",6.9,"",2.5,"",-5.7,"",2.9,"",73.3,"",1008.3,"",1026.2,"",.0,"",.0,""
"352230399","TERESPOL","2018","02","23",6.4,"",2.3,"",-5.8,"",3.0,"",74.3,"",1007.5,"",1025.3,"",.1,"",.0,""
"352230399","TERESPOL","2018","02","24",5.4,"",3.9,"",-10.2,"",2.1,"",74.6,"",1006.7,"",1024.9,"",.1,"",.0,""
"352230399","TERESPOL","2018","02","25",3.9,"",3.0,"",-11.0,"",1.7,"",64.8,"",1011.2,"",1029.4,"",.0,"",.0,""
"352230399","TERESPOL","2018","02","26",5.9,"",1.8,"",-11.8,"",1.7,"",69.3,"",1010.0,"",1028.3,"",.0,"",.0,""
"352230399","TERESPOL","2018","02","27",3.6,"",2.8,"",-14.0,"",1.4,"",66.8,"",1007.8,"",1026.2,"",.0,"",.1,""
"352230399","TERESPOL","2018","02","28",7.5,"",4.5,"",-12.2,"",1.7,"",71.4,"",1008.6,"",1026.9,"",.2,"",.0,""
"353140200","åWINOUJåCIE","2018","02","01",5.3,"",3.1,"",3.2,"",6.4,"",84.4,"",997.2,"",997.9,"",.0,"",.1,""
"353140200","åWINOUJåCIE","2018","02","02",4.1,"",2.6,"",2.0,"",5.8,"",82.1,"",1001.0,"",1001.8,"",.0,"",.7,""
"353140200","åWINOUJåCIE","2018","02","03",7.4,"",2.9,"",.5,"",5.6,"",86.9,"",1003.5,"",1004.3,"",1.1,"",.0,""
"353140200","åWINOUJåCIE","2018","02","04",6.5,"",6.0,"",1.0,"",5.8,"",87.5,"",1017.7,"",1018.5,"",.3,"",2.0,""
"353140200","åWINOUJåCIE","2018","02","05",5.3,"",4.1,"",-.1,"",4.6,"",75.9,"",1028.8,"",1029.6,"",.2,"",.0,""
"353140200","åWINOUJåCIE","2018","02","06",3.9,"",1.4,"",-2.5,"",4.0,"",78.6,"",1019.9,"",1020.7,"",.0,"",.0,""
"353140200","åWINOUJåCIE","2018","02","07",.4,"",1.6,"",-4.4,"",3.4,"",78.4,"",1017.7,"",1018.5,"",.0,"",.0,""
"353140200","åWINOUJåCIE","2018","02","08",.0,"",1.3,"",-4.5,"",3.6,"",81.6,"",1020.4,"",1021.2,"",.0,"",.0,""
"353140200","åWINOUJåCIE","2018","02","09",.0,"",1.4,"",-4.5,"",3.6,"",81.4,"",1018.6,"",1019.4,"",.0,"",.0,""
"353140200","åWINOUJåCIE","2018","02","10",6.3,"",2.3,"",-3.1,"",4.4,"",90.0,"",1015.7,"",1016.5,"",.4,"",.0,""
"353140200","åWINOUJåCIE","2018","02","11",6.8,"",2.9,"",.8,"",5.6,"",86.5,"",1003.3,"",1004.1,"",.2,"",.0,""
"353140200","åWINOUJåCIE","2018","02","12",3.3,"",3.3,"",1.2,"",5.7,"",85.3,"",1005.6,"",1006.4,"",.3,"",.0,""
"353140200","åWINOUJåCIE","2018","02","13",1.9,"",2.5,"",.0,"8",.0,"8",.0,"8",1014.8,"",.0,"8",.0,"",.0,""
"353140200","åWINOUJåCIE","2018","02","14",4.1,"",1.9,"",.0,"8",.0,"8",.0,"8",1021.1,"",.0,"8",.0,"",.0,""
"353140200","åWINOUJåCIE","2018","02","15",7.4,"",3.9,"",-1.7,"",4.8,"",88.1,"",1019.8,"",1020.6,"",.0,"",1.1,""
"353140200","åWINOUJåCIE","2018","02","16",5.4,"",3.1,"",2.7,"",6.1,"",83.4,"",1018.3,"",1019.1,"",.0,"",.1,""
"353140200","åWINOUJåCIE","2018","02","17",6.8,"",2.8,"",2.4,"",6.6,"",91.1,"",1023.7,"",1024.5,"",.2,"",.0,""
"353140200","åWINOUJåCIE","2018","02","18",6.8,"",1.6,"",1.8,"",5.5,"",79.4,"",1027.2,"",1028.0,"",.0,"",.0,""
"353140200","åWINOUJåCIE","2018","02","19",5.5,"",2.4,"",1.8,"",4.8,"",69.0,"",1022.0,"",1022.8,"",.0,"",.0,""
"353140200","åWINOUJåCIE","2018","02","20",4.0,"",3.8,"",1.1,"",4.6,"",68.9,"",1022.3,"",1023.1,"",.0,"",.0,""
"353140200","åWINOUJåCIE","2018","02","21",4.6,"",1.8,"",.1,"",5.1,"",82.6,"",1025.9,"",1026.7,"",.1,"",.3,""
"353140200","åWINOUJåCIE","2018","02","22",5.0,"",3.4,"",-.7,"",5.0,"",86.0,"",1026.4,"",1027.2,"",.3,"",.0,""
"353140200","åWINOUJåCIE","2018","02","23",2.5,"",3.6,"",-3.3,"",3.4,"",69.4,"",1027.8,"",1028.6,"",.0,"",.0,""
"353140200","åWINOUJåCIE","2018","02","24",5.0,"",9.1,"",-1.6,"",3.7,"",67.1,"",1031.4,"",1032.2,"",.3,"",.0,""
"353140200","åWINOUJåCIE","2018","02","25",5.0,"",2.5,"",-4.0,"",3.4,"",74.1,"",1032.2,"",1033.0,"",1.1,"",1.3,""
"353140200","åWINOUJåCIE","2018","02","26",4.1,"",2.4,"",-5.7,"",3.0,"",74.3,"",1029.8,"",1030.6,"",.2,"",.8,""
"353140200","åWINOUJåCIE","2018","02","27",3.9,"",6.0,"",-6.6,"",2.8,"",72.5,"",1024.5,"",1025.3,"",.1,"",.0,""
"353140200","åWINOUJåCIE","2018","02","28",.3,"",5.9,"",-9.5,"",1.8,"",60.0,"",1029.9,"",1030.7,"",.0,"",.0,""
"353140205","SZCZECIN","2018","02","01",5.1,"",4.1,"",3.7,"",6.4,"",80.6,"",998.0,"",998.9,"",.0,"",.0,""
"353140205","SZCZECIN","2018","02","02",3.6,"",4.3,"",2.2,"",5.5,"",77.0,"",1001.6,"",1002.5,"",.0,"",.0,""
"353140205","SZCZECIN","2018","02","03",7.6,"",2.6,"",1.0,"",6.1,"",91.3,"",1003.2,"",1004.1,"",1.3,"",.2,""
"353140205","SZCZECIN","2018","02","04",6.5,"",1.9,"",-.2,"",5.5,"",90.8,"",1016.9,"",1017.8,"",3.5,"",.0,""
"353140205","SZCZECIN","2018","02","05",3.1,"",2.0,"",-1.0,"",4.4,"",78.3,"",1028.1,"",1029.0,"",.0,"",.0,""
"353140205","SZCZECIN","2018","02","06",3.1,"",2.4,"",-3.9,"",3.9,"",85.8,"",1019.9,"",1020.8,"",.0,"",.0,""
"353140205","SZCZECIN","2018","02","07",1.4,"",1.9,"",-4.4,"",3.6,"",80.9,"",1017.2,"",1018.2,"",.0,"",.0,""
"353140205","SZCZECIN","2018","02","08",.6,"",1.0,"",-5.7,"",3.1,"",79.3,"",1020.1,"",1021.1,"",.0,"",.0,""
"353140205","SZCZECIN","2018","02","09",.3,"",1.6,"",-5.4,"",3.3,"",79.5,"",1018.6,"",1019.6,"",.0,"",.0,""
"353140205","SZCZECIN","2018","02","10",7.1,"",2.1,"",-2.8,"",4.3,"",87.0,"",1016.0,"",1016.9,"",.0,"",.0,""
"353140205","SZCZECIN","2018","02","11",7.4,"",4.6,"",1.5,"",5.4,"",79.0,"",1004.1,"",1005.0,"",.0,"",.0,""
"353140205","SZCZECIN","2018","02","12",2.8,"",4.6,"",1.2,"",5.5,"",82.9,"",1006.7,"",1007.6,"",.0,"",.0,""
"353140205","SZCZECIN","2018","02","13",3.5,"",3.0,"",.2,"",5.1,"",82.9,"",1015.3,"",1016.2,"",.0,"",.0,""
"353140205","SZCZECIN","2018","02","14",6.0,"",1.6,"",-2.9,"",4.8,"",96.1,"",1021.2,"",1022.1,"",.0,"",.0,""
"353140205","SZCZECIN","2018","02","15",7.6,"",5.6,"",-1.9,"",4.6,"",87.1,"",1020.5,"",1021.4,"",.0,"",.5,""
"353140205","SZCZECIN","2018","02","16",5.6,"",4.4,"",2.5,"",5.9,"",81.3,"",1019.1,"",1020.0,"",.0,"",.0,""
"353140205","SZCZECIN","2018","02","17",7.4,"",2.5,"",2.1,"",6.1,"",86.5,"",1023.6,"",1024.5,"",.0,"",.0,""
"353140205","SZCZECIN","2018","02","18",8.0,"",1.8,"",1.6,"",5.2,"",76.6,"",1027.4,"",1028.3,"",.0,"",.0,""
"353140205","SZCZECIN","2018","02","19",7.4,"",4.1,"",1.6,"",4.6,"",66.6,"",1022.2,"",1023.1,"",.0,"",.0,""
"353140205","SZCZECIN","2018","02","20",4.1,"",2.3,"",-.1,"",4.2,"",70.4,"",1021.6,"",1022.5,"",.0,"",.0,""
"353140205","SZCZECIN","2018","02","21",6.4,"",1.5,"",-.1,"",4.6,"",76.5,"",1025.3,"",1026.2,"",.0,"",.0,""
"353140205","SZCZECIN","2018","02","22",4.6,"",1.8,"",-2.2,"",4.5,"",86.1,"",1026.1,"",1027.0,"",.0,"",.0,""
"353140205","SZCZECIN","2018","02","23",2.9,"",2.1,"",-4.4,"",3.0,"",69.6,"",1027.1,"",1028.1,"",.0,"",.0,""
"353140205","SZCZECIN","2018","02","24",3.4,"",4.5,"",-2.4,"",3.0,"",58.9,"",1030.3,"",1031.3,"",.0,"",.0,""
"353140205","SZCZECIN","2018","02","25",3.4,"",1.8,"",-6.5,"",2.8,"",75.8,"",1031.9,"",1032.9,"",.0,"",.0,""
"353140205","SZCZECIN","2018","02","26",3.4,"",2.8,"",-6.5,"",2.5,"",68.5,"",1029.0,"",1030.0,"",.0,"",.0,""
"353140205","SZCZECIN","2018","02","27",3.5,"",3.5,"",-8.5,"",2.1,"",66.1,"",1024.2,"",1025.2,"",.0,"",.0,""
"353140205","SZCZECIN","2018","02","28",.3,"",2.9,"",-9.7,"",1.8,"",61.3,"",1028.9,"",1029.9,"",.0,"",.0,""
"353160230","PI£A","2018","02","01",.0,"8",1.8,"",3.4,"",6.9,"",88.3,"",990.7,"",999.7,"",.0,"",.0,""
"353160230","PI£A","2018","02","02",.0,"8",1.4,"",.4,"",5.3,"",85.1,"",995.0,"",1004.2,"",.0,"",.8,""
"353160230","PI£A","2018","02","03",.0,"8",1.3,"",1.2,"",6.3,"",93.9,"",994.7,"",1003.9,"",.4,"",1.9,""
"353160230","PI£A","2018","02","04",.0,"8",1.6,"",.3,"",5.8,"",92.8,"",1007.3,"",1016.6,"",.0,"",.0,""
"353160230","PI£A","2018","02","05",.0,"8",1.8,"",-1.9,"",4.1,"",78.1,"",1018.4,"",1027.9,"",.0,"",.0,""
"353160230","PI£A","2018","02","06",.0,"8",1.3,"",-6.2,"",3.6,"",93.9,"",1011.7,"",1021.3,"",.0,"",.0,""
"353160230","PI£A","2018","02","07",.0,"8",1.6,"",-4.1,"",3.6,"",79.6,"",1008.8,"",1018.3,"",.0,"",.0,""
"353160230","PI£A","2018","02","08",.0,"8",1.6,"",-5.1,"",3.1,"",75.8,"",1011.0,"",1020.6,"",.0,"",.0,""
"353160230","PI£A","2018","02","09",.0,"8",1.5,"",-7.3,"",3.3,"",91.6,"",1011.1,"",1020.6,"",.0,"",.0,""
"353160230","PI£A","2018","02","10",.0,"8",1.6,"",-3.8,"",4.0,"",87.0,"",1008.8,"",1018.2,"",.0,"",.0,""
"353160230","PI£A","2018","02","11",.0,"8",2.1,"",-.9,"",4.7,"",82.6,"",998.5,"",1007.8,"",.0,"",.1,""
"353160230","PI£A","2018","02","12",.0,"8",1.9,"",1.2,"",5.8,"",87.1,"",999.4,"",1008.6,"",.0,"",.0,""
"353160230","PI£A","2018","02","13",.0,"8",1.6,"",-1.5,"",5.1,"",92.8,"",1007.9,"",1017.2,"",.0,"",.0,""
"353160230","PI£A","2018","02","14",.0,"8",1.4,"",-2.6,"",4.7,"",93.8,"",1012.9,"",1022.4,"",.0,"",.0,""
"353160230","PI£A","2018","02","15",.0,"8",2.3,"",-1.1,"",4.8,"",84.6,"",1013.7,"",1023.1,"",.0,"",1.4,""
"353160230","PI£A","2018","02","16",.0,"8",2.1,"",.7,"",5.7,"",89.6,"",1010.9,"",1020.2,"",.0,"",.0,""
"353160230","PI£A","2018","02","17",.0,"8",2.1,"",1.3,"",6.0,"",89.6,"",1014.4,"",1023.7,"",.2,"",.0,""
"353160230","PI£A","2018","02","18",.0,"8",1.3,"",.2,"",5.4,"",87.8,"",1018.5,"",1027.9,"",.0,"",.0,""
"353160230","PI£A","2018","02","19",.0,"8",1.3,"",.4,"",4.7,"",75.5,"",1015.1,"",1024.5,"",.0,"",.0,""
"353160230","PI£A","2018","02","20",.0,"8",2.8,"",.0,"",4.2,"",69.5,"",1013.4,"",1022.8,"",.0,"",.0,""
"353160230","PI£A","2018","02","21",.0,"8",1.9,"",-1.3,"",4.1,"",75.5,"",1016.2,"",1025.6,"",.0,"",.0,""
"353160230","PI£A","2018","02","22",.0,"8",1.8,"",-3.6,"",3.6,"",76.9,"",1017.6,"",1027.1,"",.0,"",.0,""
"353160230","PI£A","2018","02","23",.0,"8",1.6,"",-7.0,"",2.3,"",68.1,"",1017.9,"",1027.6,"",.0,"",.0,""
"353160230","PI£A","2018","02","24",.0,"8",3.9,"",-4.7,"",2.7,"",62.0,"",1020.2,"",1029.8,"",.0,"",.0,""
"353160230","PI£A","2018","02","25",.0,"8",1.8,"",-9.5,"",2.1,"",69.4,"",1022.8,"",1032.6,"",.0,"",.0,""
"353160230","PI£A","2018","02","26",.0,"8",2.5,"",-10.1,"",1.7,"",62.9,"",1019.9,"",1029.7,"",.0,"",.0,""
"353160230","PI£A","2018","02","27",.0,"8",2.6,"",-12.2,"",1.8,"",73.1,"",1016.0,"",1025.9,"",.2,"",.0,""
"353160230","PI£A","2018","02","28",.0,"8",3.6,"",-10.5,"",1.8,"",65.5,"",1019.9,"",1029.7,"",.0,"",.0,""
"353170235","CHOJNICE","2018","02","01",7.1,"",3.8,"",2.8,"",6.6,"",87.9,"",978.2,"",999.3,"",.0,"",.0,""
"353170235","CHOJNICE","2018","02","02",2.5,"",3.3,"",.0,"",5.5,"",89.3,"",982.9,"",1004.3,"",.0,"",.7,""
"353170235","CHOJNICE","2018","02","03",7.8,"",2.3,"",.4,"",5.9,"",94.6,"",982.6,"",1004.0,"",.2,"",.1,""
"353170235","CHOJNICE","2018","02","04",7.1,"",2.4,"",-.4,"",5.5,"",92.3,"",995.5,"",1017.2,"",1.9,"",.0,""
"353170235","CHOJNICE","2018","02","05",3.8,"",2.9,"",-3.4,"",3.8,"",80.9,"",1005.6,"",1027.8,"",.0,"",.0,""
"353170235","CHOJNICE","2018","02","06",3.6,"",3.3,"",-5.1,"",3.8,"",91.3,"",998.6,"",1020.7,"",.3,"",.0,""
"353170235","CHOJNICE","2018","02","07",.9,"",1.9,"",-6.2,"",2.9,"",76.6,"",997.1,"",1019.4,"",.0,"",.0,""
"353170235","CHOJNICE","2018","02","08",.4,"",1.9,"",-7.3,"",2.9,"",81.3,"",998.8,"",1021.2,"",.0,"",.0,""
"353170235","CHOJNICE","2018","02","09",3.5,"",2.4,"",-6.4,"",3.4,"",87.8,"",998.7,"",1021.0,"",.0,"",.0,""
"353170235","CHOJNICE","2018","02","10",7.8,"",2.5,"",-4.7,"",3.8,"",88.5,"",996.5,"",1018.6,"",.0,"",.0,""
"353170235","CHOJNICE","2018","02","11",8.0,"",3.6,"",-2.2,"",4.4,"",83.8,"",986.6,"",1008.3,"",.0,"",.0,""
"353170235","CHOJNICE","2018","02","12",5.6,"",4.9,"",.7,"",5.5,"",85.5,"",986.4,"",1007.8,"",.0,"",.0,""
"353170235","CHOJNICE","2018","02","13",6.0,"",2.3,"",-2.1,"",4.9,"",93.1,"",995.4,"",1017.2,"",.0,"",.0,""
"353170235","CHOJNICE","2018","02","14",6.1,"",1.9,"",-3.5,"",4.5,"",94.9,"",1000.7,"",1022.7,"",.0,"",.0,""
"353170235","CHOJNICE","2018","02","15",8.0,"",3.1,"",-2.6,"",4.4,"",87.6,"",1001.8,"",1023.8,"",.0,"",.2,""
"353170235","CHOJNICE","2018","02","16",7.3,"",4.5,"",-.1,"",5.4,"",88.4,"",997.6,"",1019.4,"",.1,"",.1,""
"353170235","CHOJNICE","2018","02","17",7.4,"",3.1,"",.9,"",5.7,"",87.6,"",1001.0,"",1022.7,"",.2,"",.0,""
"353170235","CHOJNICE","2018","02","18",7.1,"",1.9,"",-.4,"",5.3,"",89.8,"",1005.7,"",1027.7,"",.0,"",.0,""
"353170235","CHOJNICE","2018","02","19",7.9,"",2.4,"",.1,"",4.7,"",76.6,"",1002.9,"",1024.8,"",.0,"",.0,""
"353170235","CHOJNICE","2018","02","20",6.1,"",2.8,"",-.5,"",4.4,"",74.8,"",1002.0,"",1023.8,"",.0,"",.0,""
"353170235","CHOJNICE","2018","02","21",5.5,"",2.5,"",-2.1,"",4.0,"",77.8,"",1004.1,"",1026.1,"",.0,"",.0,""
"353170235","CHOJNICE","2018","02","22",4.3,"",2.5,"",-5.2,"",3.1,"",75.9,"",1005.6,"",1027.9,"",.0,"",.0,""
"353170235","CHOJNICE","2018","02","23",2.0,"",2.1,"",-7.2,"",2.6,"",72.6,"",1005.4,"",1027.8,"",.0,"",.1,""
"353170235","CHOJNICE","2018","02","24",3.9,"",5.6,"",-6.6,"",2.7,"",73.0,"",1007.7,"",1030.2,"",.0,"",.0,""
"353170235","CHOJNICE","2018","02","25",3.0,"",2.0,"",-10.1,"",2.1,"",75.3,"",1010.1,"",1032.9,"",.0,"",.0,""
"353170235","CHOJNICE","2018","02","26",1.9,"",2.6,"",-10.8,"",1.8,"",67.4,"",1007.5,"",1030.3,"",.0,"",.1,""
"353170235","CHOJNICE","2018","02","27",3.4,"",3.9,"",-11.7,"",1.7,"",67.0,"",1003.9,"",1026.8,"",.0,"",.0,""
"353170235","CHOJNICE","2018","02","28",1.1,"",4.6,"",-12.5,"",1.7,"",71.1,"",1008.0,"",1031.0,"",.0,"",.0,""
"353180250","TORU—","2018","02","01",7.8,"",2.5,"",4.3,"",7.2,"",87.4,"",991.6,"",1000.5,"",.0,"",.0,""
"353180250","TORU—","2018","02","02",3.0,"",1.3,"",1.1,"",5.8,"",88.1,"",996.3,"",1005.2,"",.0,"",.0,""
"353180250","TORU—","2018","02","03",7.0,"",1.8,"",1.1,"",5.8,"",87.5,"",995.7,"",1004.7,"",.1,"",.1,""
"353180250","TORU—","2018","02","04",7.1,"",1.8,"",.4,"",5.1,"",81.1,"",1007.1,"",1016.3,"",.0,"",.0,""
"353180250","TORU—","2018","02","05",4.1,"",2.0,"",-3.0,"",3.5,"",71.9,"",1017.7,"",1027.0,"",.1,"",.0,""
"353180250","TORU—","2018","02","06",3.0,"",1.4,"",-5.5,"",3.6,"",87.8,"",1011.8,"",1021.2,"",.0,"",.0,""
"353180250","TORU—","2018","02","07",4.8,"",1.6,"",-4.8,"",3.4,"",80.5,"",1009.8,"",1019.1,"",.0,"",.0,""
"353180250","TORU—","2018","02","08",.6,"",1.4,"",-5.2,"",3.5,"",84.0,"",1010.8,"",1020.1,"",.0,"",.0,""
"353180250","TORU—","2018","02","09",7.0,"",1.4,"",-5.6,"",3.7,"",90.5,"",1011.5,"",1020.8,"",.0,"",.0,""
"353180250","TORU—","2018","02","10",8.0,"",1.3,"",-4.8,"",3.9,"",90.3,"",1009.6,"",1018.9,"",.0,"",.0,""
"353180250","TORU—","2018","02","11",7.6,"",2.6,"",-1.7,"",4.1,"",75.9,"",1000.6,"",1009.7,"",.0,"",.5,""
"353180250","TORU—","2018","02","12",6.9,"",2.0,"",1.1,"",5.8,"",87.4,"",1000.0,"",1009.1,"",.0,"",.0,""
"353180250","TORU—","2018","02","13",4.6,"",1.6,"",.5,"",5.1,"",82.0,"",1008.3,"",1017.4,"",.0,"",.0,""
"353180250","TORU—","2018","02","14",7.9,"",1.6,"",-1.4,"",5.2,"",94.3,"",1012.6,"",1021.8,"",.0,"",.1,""
"353180250","TORU—","2018","02","15",8.0,"",2.1,"",-1.3,"",4.6,"",83.3,"",1015.1,"",1024.4,"",.0,"",.3,""
"353180250","TORU—","2018","02","16",5.5,"",2.3,"",.1,"",5.5,"",88.4,"",1011.4,"",1020.6,"",.3,"",.0,""
"353180250","TORU—","2018","02","17",7.0,"",1.9,"",1.5,"",5.6,"",82.5,"",1013.7,"",1022.8,"",.0,"",.0,""
"353180250","TORU—","2018","02","18",5.1,"",1.0,"",.0,"",5.1,"",83.5,"",1018.3,"",1027.5,"",.0,"",.0,""
"353180250","TORU—","2018","02","19",7.6,"",1.1,"",.4,"",4.9,"",77.4,"",1016.0,"",1025.2,"",.0,"",.0,""
"353180250","TORU—","2018","02","20",3.6,"",2.3,"",-.4,"",4.4,"",75.4,"",1014.0,"",1023.2,"",.0,"",.0,""
"353180250","TORU—","2018","02","21",5.1,"",2.4,"",-1.4,"",4.0,"",72.4,"",1015.9,"",1025.2,"",.0,"",.0,""
"353180250","TORU—","2018","02","22",5.8,"",2.1,"",-3.7,"",3.5,"",75.4,"",1017.7,"",1027.1,"",.0,"",.0,""
"353180250","TORU—","2018","02","23",1.4,"",1.4,"",-7.1,"",2.6,"",72.0,"",1017.7,"",1027.2,"",.0,"",.2,""
"353180250","TORU—","2018","02","24",3.9,"",3.8,"",-6.3,"",2.6,"",67.9,"",1018.9,"",1028.4,"",.0,"",.0,""
"353180250","TORU—","2018","02","25",1.6,"",2.0,"",-11.1,"",1.8,"",69.4,"",1022.7,"",1032.4,"",.0,"",.0,""
"353180250","TORU—","2018","02","26",2.6,"",1.9,"",-12.0,"",1.7,"",69.0,"",1020.0,"",1029.7,"",.0,"",.0,""
"353180250","TORU—","2018","02","27",4.1,"",2.5,"",-12.0,"",1.8,"",71.9,"",1016.5,"",1026.1,"",.1,"",.0,""
"353180250","TORU—","2018","02","28",3.0,"",3.1,"",-11.2,"",1.7,"",64.0,"",1020.0,"",1029.6,"",.0,"",.0,""
"353200270","M£AWA","2018","02","01",7.6,"",2.9,"",3.1,"",7.1,"",93.6,"",982.9,"",1001.1,"",1.4,"",.0,""
"353200270","M£AWA","2018","02","02",7.3,"",2.0,"",.3,"",6.1,"",97.1,"",987.6,"",1006.1,"",.0,"",.0,""
"353200270","M£AWA","2018","02","03",8.0,"",1.9,"",-1.2,"",5.5,"",98.3,"",987.4,"",1006.0,"",.0,"",.0,""
"353200270","M£AWA","2018","02","04",6.8,"",2.6,"",-1.4,"",4.5,"",82.3,"",997.1,"",1015.9,"",.0,"",.0,""
"353200270","M£AWA","2018","02","05",4.9,"",3.1,"",-4.7,"",3.2,"",73.1,"",1006.6,"",1025.8,"",1.3,"",.0,""
"353200270","M£AWA","2018","02","06",5.8,"",3.0,"",-4.4,"",3.8,"",86.5,"",1001.7,"",1020.8,"",.0,"",.0,""
"353200270","M£AWA","2018","02","07",3.6,"",1.9,"",-5.8,"",3.3,"",83.1,"",1001.0,"",1020.2,"",.0,"",.0,""
"353200270","M£AWA","2018","02","08",7.4,"",2.5,"",-4.7,"",3.9,"",89.6,"",1000.5,"",1019.6,"",.0,"",.0,""
"353200270","M£AWA","2018","02","09",6.8,"",1.9,"",-5.2,"",3.9,"",93.0,"",1001.6,"",1020.7,"",.0,"",.0,""
"353200270","M£AWA","2018","02","10",8.0,"",1.4,"",-6.0,"",3.7,"",94.0,"",1000.1,"",1019.2,"",.0,"",.0,""
"353200270","M£AWA","2018","02","11",7.9,"",2.5,"",-3.1,"",4.3,"",88.3,"",992.5,"",1011.3,"",.0,"",.3,""
"353200270","M£AWA","2018","02","12",7.4,"",2.3,"",-.7,"",5.2,"",89.5,"",991.4,"",1010.0,"",.0,"",.0,""
"353200270","M£AWA","2018","02","13",6.8,"",1.1,"",-.6,"",5.4,"",91.4,"",998.8,"",1017.6,"",.0,"",.0,""
"353200270","M£AWA","2018","02","14",7.0,"",2.1,"",-.6,"",5.1,"",87.4,"",1002.5,"",1021.4,"",.2,"",.5,""
"353200270","M£AWA","2018","02","15",8.0,"",2.4,"",-3.7,"",4.2,"",89.3,"",1006.4,"",1025.5,"",.0,"",.0,""
"353200270","M£AWA","2018","02","16",7.1,"",3.0,"",-1.4,"",5.1,"",91.4,"",1002.3,"",1021.2,"",.5,"",.0,""
"353200270","M£AWA","2018","02","17",6.4,"",3.8,"",.4,"",5.7,"",90.3,"",1003.2,"",1021.9,"",.1,"",.0,""
"353200270","M£AWA","2018","02","18",5.9,"",2.5,"",-.8,"",4.8,"",83.4,"",1007.8,"",1026.7,"",.0,"",.0,""
"353200270","M£AWA","2018","02","19",7.8,"",1.6,"",-.3,"",5.1,"",84.9,"",1006.7,"",1025.6,"",.0,"",.0,""
"353200270","M£AWA","2018","02","20",5.4,"",2.3,"",.0,"",4.6,"",76.1,"",1004.9,"",1023.7,"",.0,"",.0,""
"353200270","M£AWA","2018","02","21",5.6,"",2.8,"",-2.5,"",3.9,"",77.1,"",1005.9,"",1024.9,"",.0,"",.0,""
"353200270","M£AWA","2018","02","22",6.9,"",2.4,"",-5.0,"",3.0,"",70.1,"",1008.0,"",1027.3,"",.0,"",.0,""
"353200270","M£AWA","2018","02","23",3.0,"",2.1,"",-7.3,"",2.4,"",69.4,"",1007.2,"",1026.6,"",.0,"",.9,""
"353200270","M£AWA","2018","02","24",3.1,"",4.6,"",-8.5,"",2.4,"",74.1,"",1007.7,"",1027.2,"",.1,"",.0,""
"353200270","M£AWA","2018","02","25",1.6,"",2.3,"",-12.9,"",1.7,"",74.4,"",1012.1,"",1032.0,"",.0,"",.0,""
"353200270","M£AWA","2018","02","26",1.5,"",2.3,"",-13.5,"",1.5,"",71.5,"",1009.7,"",1029.6,"",.0,"",.0,""
"353200270","M£AWA","2018","02","27",4.1,"",3.9,"",-12.9,"",1.7,"",76.0,"",1006.8,"",1026.6,"",.0,"",.0,""
"353200270","M£AWA","2018","02","28",6.0,"",4.5,"",-12.7,"",1.5,"",66.3,"",1009.7,"",1029.5,"",.0,"",.0,""
"353200272","OLSZTYN","2018","02","01",7.8,"",2.6,"",3.2,"",7.3,"",94.5,"",983.5,"",1000.3,"",1.6,"",.0,""
"353200272","OLSZTYN","2018","02","02",7.3,"",2.1,"",-.3,"",5.8,"",96.3,"",988.5,"",1005.6,"",.0,"",.0,""
"353200272","OLSZTYN","2018","02","03",7.8,"",2.9,"",-.4,"",5.6,"",94.3,"",988.7,"",1005.8,"",.0,"",.0,""
"353200272","OLSZTYN","2018","02","04",7.6,"",2.8,"",-1.1,"",4.6,"",81.9,"",999.1,"",1016.4,"",.0,"",.0,""
"353200272","OLSZTYN","2018","02","05",4.3,"",3.1,"",-4.8,"",3.0,"",69.6,"",1008.3,"",1026.0,"",.0,"",.3,""
"353200272","OLSZTYN","2018","02","06",6.4,"",2.6,"",-3.6,"",3.8,"",81.8,"",1002.1,"",1019.6,"",.6,"",.0,""
"353200272","OLSZTYN","2018","02","07",2.4,"",1.8,"",-6.8,"",3.0,"",81.5,"",1002.7,"",1020.4,"",.0,"",.0,""
"353200272","OLSZTYN","2018","02","08",6.9,"",1.9,"",-7.0,"",3.4,"",92.3,"",1002.7,"",1020.5,"",.0,"",.0,""
"353200272","OLSZTYN","2018","02","09",6.1,"",1.9,"",-5.2,"",3.6,"",86.8,"",1003.4,"",1021.1,"",.0,"",.0,""
"353200272","OLSZTYN","2018","02","10",8.0,"",1.3,"",-5.4,"",3.8,"",91.5,"",1001.4,"",1019.0,"",.0,"",.0,""
"353200272","OLSZTYN","2018","02","11",8.0,"",2.8,"",-3.3,"",4.0,"",84.3,"",993.5,"",1010.9,"",.0,"",.6,""
"353200272","OLSZTYN","2018","02","12",6.0,"",3.1,"",-.8,"",5.1,"",88.8,"",992.2,"",1009.4,"",.0,"",.0,""
"353200272","OLSZTYN","2018","02","13",6.4,"",1.3,"",-.1,"",5.1,"",84.0,"",999.9,"",1017.2,"",.0,"",.0,""
"353200272","OLSZTYN","2018","02","14",7.5,"",1.5,"",-.8,"",4.9,"",85.4,"",1004.5,"",1021.9,"",.0,"",.0,""
"353200272","OLSZTYN","2018","02","15",7.9,"",2.5,"",-2.6,"",4.0,"",79.9,"",1007.8,"",1025.3,"",.0,"",.0,""
"353200272","OLSZTYN","2018","02","16",7.1,"",2.9,"",-1.4,"",5.0,"",88.9,"",1003.0,"",1020.4,"",.2,"",.7,""
"353200272","OLSZTYN","2018","02","17",7.9,"",2.4,"",.9,"",5.9,"",91.0,"",1003.7,"",1021.0,"",.2,"",1.3,""
"353200272","OLSZTYN","2018","02","18",6.9,"",2.4,"",-1.2,"",4.7,"",84.6,"",1009.0,"",1026.5,"",.0,"",.0,""
"353200272","OLSZTYN","2018","02","19",7.8,"",1.5,"",.1,"",5.0,"",82.0,"",1007.8,"",1025.1,"",.0,"",.0,""
"353200272","OLSZTYN","2018","02","20",6.4,"",1.9,"",-.1,"",4.8,"",79.8,"",1006.9,"",1024.3,"",.0,"",.0,""
"353200272","OLSZTYN","2018","02","21",6.4,"",2.5,"",-2.5,"",3.7,"",72.9,"",1008.0,"",1025.5,"",.0,"",.0,""
"353200272","OLSZTYN","2018","02","22",4.4,"",2.1,"",-6.5,"",2.8,"",73.1,"",1010.3,"",1028.1,"",.0,"",.0,""
"353200272","OLSZTYN","2018","02","23",2.5,"",2.0,"",-8.6,"",2.3,"",73.4,"",1008.9,"",1026.9,"",.0,"",.8,""
"353200272","OLSZTYN","2018","02","24",4.4,"",3.6,"",-9.0,"",2.4,"",74.5,"",1010.3,"",1028.3,"",.0,"",.0,""
"353200272","OLSZTYN","2018","02","25",1.3,"",2.1,"",-13.5,"",1.7,"",77.4,"",1014.2,"",1032.7,"",.0,"",.0,""
"353200272","OLSZTYN","2018","02","26",1.1,"",1.9,"",-13.6,"",1.6,"",73.8,"",1011.6,"",1030.0,"",.0,"",.0,""
"353200272","OLSZTYN","2018","02","27",3.6,"",3.0,"",-13.6,"",1.5,"",71.9,"",1009.4,"",1027.7,"",.0,"",.0,""
"353200272","OLSZTYN","2018","02","28",4.6,"",3.3,"",-13.8,"",1.4,"",68.8,"",1012.7,"",1031.1,"",.0,"",.0,""
"353210280","MIKO£AJKI","2018","02","01",8.0,"",3.5,"",2.4,"",7.0,"",96.3,"",985.1,"",1000.9,"",.6,"",.0,""
"353210280","MIKO£AJKI","2018","02","02",7.4,"",1.4,"",-.1,"",6.0,"",98.3,"",989.9,"",1005.9,"",.0,"",.0,""
"353210280","MIKO£AJKI","2018","02","03",7.6,"",2.3,"",-.6,"",5.6,"",96.3,"",990.5,"",1006.6,"",.0,"",.0,""
"353210280","MIKO£AJKI","2018","02","04",7.4,"",4.1,"",-1.2,"",4.7,"",82.9,"",999.5,"",1015.7,"",.0,"",.4,""
"353210280","MIKO£AJKI","2018","02","05",4.5,"",3.4,"",-5.7,"",3.0,"",75.0,"",1008.6,"",1025.3,"",.0,"",.0,""
"353210280","MIKO£AJKI","2018","02","06",6.6,"",3.6,"",-3.6,"",3.6,"",78.1,"",1002.6,"",1019.1,"",.0,"",.0,""
"353210280","MIKO£AJKI","2018","02","07",1.9,"",2.6,"",-5.6,"",3.3,"",81.8,"",1004.4,"",1021.0,"",.0,"",.0,""
"353210280","MIKO£AJKI","2018","02","08",8.0,"",2.9,"",-4.3,"",4.2,"",93.0,"",1003.5,"",1020.0,"",.0,"",.0,""
"353210280","MIKO£AJKI","2018","02","09",6.0,"",3.3,"",-4.8,"",3.9,"",90.1,"",1004.4,"",1021.0,"",.0,"",.0,""
"353210280","MIKO£AJKI","2018","02","10",8.0,"",1.3,"",-5.4,"",3.9,"",95.1,"",1002.5,"",1019.1,"",.0,"",.0,""
"353210280","MIKO£AJKI","2018","02","11",8.0,"",3.4,"",-4.0,"",4.1,"",89.8,"",995.6,"",1012.0,"",.0,"",.0,""
"353210280","MIKO£AJKI","2018","02","12",7.9,"",4.5,"",-1.3,"",4.9,"",87.3,"",994.1,"",1010.3,"",.0,"",.0,""
"353210280","MIKO£AJKI","2018","02","13",7.4,"",1.1,"",-1.2,"",5.3,"",94.4,"",1001.3,"",1017.6,"",.0,"",.0,""
"353210280","MIKO£AJKI","2018","02","14",7.8,"",1.8,"",-.7,"",5.1,"",87.4,"",1005.7,"",1022.0,"",.0,"",.1,""
"353210280","MIKO£AJKI","2018","02","15",7.9,"",3.4,"",-3.9,"",4.0,"",87.4,"",1009.6,"",1026.2,"",.0,"",.0,""
"353210280","MIKO£AJKI","2018","02","16",8.0,"",3.0,"",-1.7,"",4.9,"",90.0,"",1004.5,"",1020.9,"",.1,"",.2,""
"353210280","MIKO£AJKI","2018","02","17",7.4,"",3.5,"",.4,"",5.8,"",91.8,"",1004.3,"",1020.5,"",1.2,"",.3,""
"353210280","MIKO£AJKI","2018","02","18",4.9,"",3.0,"",-2.5,"",4.1,"",81.3,"",1009.5,"",1026.0,"",.0,"",.0,""
"353210280","MIKO£AJKI","2018","02","19",6.9,"",1.8,"",-.8,"",4.8,"",84.1,"",1008.8,"",1025.2,"",.0,"",.0,""
"353210280","MIKO£AJKI","2018","02","20",6.1,"",1.4,"",-1.0,"",4.9,"",87.4,"",1008.2,"",1024.6,"",.0,"",.0,""
"353210280","MIKO£AJKI","2018","02","21",5.8,"",2.8,"",-4.0,"",3.7,"",81.1,"",1008.9,"",1025.5,"",.0,"",.0,""
"353210280","MIKO£AJKI","2018","02","22",3.3,"",2.8,"",-8.0,"",2.6,"",77.9,"",1011.5,"",1028.4,"",.0,"",.0,""
"353210280","MIKO£AJKI","2018","02","23",3.6,"",1.8,"",-9.3,"",2.4,"",78.6,"",1010.0,"",1027.0,"",.0,"",3.4,""
"353210280","MIKO£AJKI","2018","02","24",4.8,"",4.3,"",-11.2,"",2.1,"",79.5,"",1011.2,"",1028.3,"",.0,"",.0,""
"353210280","MIKO£AJKI","2018","02","25",2.5,"",2.8,"",-15.6,"",1.5,"",81.5,"",1015.1,"",1032.5,"",.0,"",.0,""
"353210280","MIKO£AJKI","2018","02","26",1.5,"",1.9,"",-16.0,"",1.4,"",79.1,"",1012.7,"",1030.1,"",.0,"",.0,""
"353210280","MIKO£AJKI","2018","02","27",4.5,"",2.8,"",-14.3,"",1.5,"",73.9,"",1010.8,"",1028.1,"",.0,"",.0,""
"353210280","MIKO£AJKI","2018","02","28",5.0,"",4.3,"",-14.4,"",1.5,"",73.1,"",1013.8,"",1031.1,"",.0,"",.0,""
"353230295","BIA£YSTOK","2018","02","01",8.0,"",2.6,"",2.0,"",6.6,"",93.6,"",984.3,"",1003.0,"",3.4,"",6.8,""
"353230295","BIA£YSTOK","2018","02","02",8.0,"",1.1,"",.6,"",6.1,"",96.5,"",987.5,"",1006.4,"",.0,"",1.3,""
"353230295","BIA£YSTOK","2018","02","03",7.6,"",1.0,"",-.1,"",5.8,"",95.6,"",987.6,"",1006.5,"",.0,"",.0,""
"353230295","BIA£YSTOK","2018","02","04",7.1,"",2.6,"",-1.2,"",4.4,"",77.3,"",994.7,"",1013.8,"",.0,"",.0,""
"353230295","BIA£YSTOK","2018","02","05",6.3,"",2.8,"",-5.7,"",2.9,"",72.0,"",1004.1,"",1023.7,"",.1,"",.0,""
"353230295","BIA£YSTOK","2018","02","06",5.5,"",2.5,"",-5.2,"",3.4,"",81.5,"",1000.2,"",1019.8,"",.0,"",.0,""
"353230295","BIA£YSTOK","2018","02","07",2.0,"",2.3,"",-6.2,"",3.2,"",81.0,"",1002.2,"",1021.9,"",.0,"",.3,""
"353230295","BIA£YSTOK","2018","02","08",8.0,"",2.1,"",-2.3,"",4.6,"",88.0,"",999.1,"",1018.5,"",.0,"",.0,""
"353230295","BIA£YSTOK","2018","02","09",7.9,"",2.3,"",-2.6,"",4.3,"",85.1,"",999.9,"",1019.3,"",.0,"",.0,""
"353230295","BIA£YSTOK","2018","02","10",8.0,"",1.5,"",-3.9,"",4.1,"",90.1,"",998.8,"",1018.3,"",.0,"",.0,""
"353230295","BIA£YSTOK","2018","02","11",8.0,"",2.1,"",-4.2,"",3.8,"",85.6,"",994.2,"",1013.6,"",.0,"",.0,""
"353230295","BIA£YSTOK","2018","02","12",8.0,"",2.3,"",-1.2,"",4.5,"",81.1,"",992.8,"",1011.9,"",.0,"",.0,""
"353230295","BIA£YSTOK","2018","02","13",7.0,"",.6,"",-.5,"",5.2,"",88.5,"",998.6,"",1017.8,"",.0,"",.8,""
"353230295","BIA£YSTOK","2018","02","14",8.0,"",2.1,"",-1.9,"",4.7,"",87.4,"",1002.3,"",1021.7,"",.0,"",.1,""
"353230295","BIA£YSTOK","2018","02","15",7.9,"",2.0,"",-5.0,"",3.4,"",81.5,"",1007.2,"",1026.9,"",.0,"",.0,""
"353230295","BIA£YSTOK","2018","02","16",7.9,"",2.5,"",-1.8,"",4.7,"",86.8,"",1002.8,"",1022.2,"",.1,"",.3,""
"353230295","BIA£YSTOK","2018","02","17",5.8,"",2.8,"",.2,"",5.7,"",91.6,"",1001.8,"",1021.0,"",.3,"",.4,""
"353230295","BIA£YSTOK","2018","02","18",5.6,"",2.0,"",-3.2,"",3.8,"",77.9,"",1005.6,"",1025.1,"",.0,"",.0,""
"353230295","BIA£YSTOK","2018","02","19",6.1,"",1.5,"",-2.2,"",4.4,"",83.9,"",1006.1,"",1025.5,"",.0,"",.0,""
"353230295","BIA£YSTOK","2018","02","20",6.3,"",.8,"",-.9,"",4.7,"",82.4,"",1005.0,"",1024.3,"",.0,"",.0,""
"353230295","BIA£YSTOK","2018","02","21",4.5,"",1.8,"",-5.1,"",3.5,"",83.0,"",1005.1,"",1024.7,"",.0,"",.0,""
"353230295","BIA£YSTOK","2018","02","22",5.9,"",1.9,"",-7.8,"",2.6,"",76.6,"",1007.4,"",1027.3,"",.0,"",.0,""
"353230295","BIA£YSTOK","2018","02","23",5.1,"",1.5,"",-9.1,"",2.3,"",75.9,"",1006.2,"",1026.2,"",.0,"",.6,""
"353230295","BIA£YSTOK","2018","02","24",5.8,"",3.4,"",-9.5,"",2.0,"",68.6,"",1006.5,"",1026.5,"",.0,"",.0,""
"353230295","BIA£YSTOK","2018","02","25",4.4,"",2.1,"",-11.8,"",1.7,"",68.9,"",1010.3,"",1030.6,"",.0,"",.0,""
"353230295","BIA£YSTOK","2018","02","26",4.8,"",1.4,"",-12.6,"",1.5,"",67.4,"",1008.4,"",1028.7,"",.0,"",.0,""
"353230295","BIA£YSTOK","2018","02","27",4.4,"",2.8,"",-13.2,"",1.5,"",68.6,"",1006.9,"",1027.2,"",.0,"",.0,""
"353230295","BIA£YSTOK","2018","02","28",6.6,"",3.9,"",-12.4,"",1.6,"",65.4,"",1008.5,"",1028.8,"",.1,"",.0,""
"354150100","KO£OBRZEG","2018","02","01",.0,"8",3.0,"",3.6,"",6.5,"",82.0,"",997.2,"",997.9,"",.0,"",.0,""
"354150100","KO£OBRZEG","2018","02","02",.0,"8",2.4,"",2.4,"",5.6,"",77.9,"",1001.5,"",1002.2,"",.0,"",.1,""
"354150100","KO£OBRZEG","2018","02","03",.0,"8",2.1,"",1.1,"",5.8,"",86.9,"",1003.0,"",1003.7,"",.5,"",.8,""
"354150100","KO£OBRZEG","2018","02","04",.0,"8",2.1,"",1.5,"",6.0,"",87.4,"",1017.3,"",1018.0,"",.0,"",2.7,""
"354150100","KO£OBRZEG","2018","02","05",.0,"8",2.0,"",-1.0,"",4.5,"",79.1,"",1028.2,"",1028.9,"",4.7,"",1.7,""
"354150100","KO£OBRZEG","2018","02","06",.0,"8",1.6,"",-2.4,"",4.3,"",84.1,"",1019.7,"",1020.4,"",.1,"",.0,""
"354150100","KO£OBRZEG","2018","02","07",.0,"8",1.3,"",-6.0,"",3.3,"",83.6,"",1018.0,"",1018.7,"",.0,"",.0,""
"354150100","KO£OBRZEG","2018","02","08",.0,"8",1.0,"",-5.9,"",3.1,"",79.5,"",1020.4,"",1021.1,"",.0,"",.0,""
"354150100","KO£OBRZEG","2018","02","09",.0,"8",1.4,"",-4.6,"",3.5,"",81.1,"",1019.3,"",1020.0,"",.0,"",.0,""
"354150100","KO£OBRZEG","2018","02","10",.0,"8",2.1,"",-2.8,"",4.3,"",86.0,"",1016.3,"",1017.0,"",.0,"",.0,""
"354150100","KO£OBRZEG","2018","02","11",.0,"8",3.0,"",.6,"",5.2,"",81.1,"",1004.4,"",1005.1,"",.2,"",.0,""
"354150100","KO£OBRZEG","2018","02","12",.0,"8",2.8,"",1.5,"",5.8,"",86.3,"",1005.5,"",1006.2,"",.1,"",.5,""
"354150100","KO£OBRZEG","2018","02","13",.0,"8",2.4,"",-.2,"",5.3,"",87.5,"",1015.1,"",1015.8,"",.0,"",.0,""
"354150100","KO£OBRZEG","2018","02","14",.0,"8",1.8,"",-2.5,"",4.9,"",96.4,"",1021.7,"",1022.4,"",.0,"",.0,""
"354150100","KO£OBRZEG","2018","02","15",.0,"8",3.6,"",-.8,"",4.8,"",83.3,"",1021.0,"",1021.7,"",.0,"",.4,""
"354150100","KO£OBRZEG","2018","02","16",.0,"8",3.3,"",2.4,"",6.1,"",84.3,"",1017.6,"",1018.3,"",.0,"",.1,""
"354150100","KO£OBRZEG","2018","02","17",.0,"8",2.8,"",2.7,"",6.1,"",81.4,"",1022.7,"",1023.4,"",.0,"",.5,""
"354150100","KO£OBRZEG","2018","02","18",.0,"8",1.5,"",2.3,"",5.7,"",78.6,"",1026.9,"",1027.6,"",.0,"",.0,""
"354150100","KO£OBRZEG","2018","02","19",.0,"8",2.0,"",1.6,"",4.7,"",68.0,"",1022.8,"",1023.5,"",.0,"",.0,""
"354150100","KO£OBRZEG","2018","02","20",.0,"8",1.6,"",1.3,"",4.6,"",69.3,"",1023.0,"",1023.7,"",.0,"",.0,""
"354150100","KO£OBRZEG","2018","02","21",.0,"8",1.3,"",-.7,"",4.9,"",84.6,"",1025.9,"",1026.6,"",.0,"",3.4,""
"354150100","KO£OBRZEG","2018","02","22",.0,"8",2.0,"",-1.4,"",4.6,"",82.0,"",1026.6,"",1027.3,"",.3,"",.0,""
"354150100","KO£OBRZEG","2018","02","23",.0,"8",1.6,"",-4.0,"",3.4,"",73.9,"",1027.7,"",1028.4,"",.0,"",.9,""
"354150100","KO£OBRZEG","2018","02","24",.0,"8",3.5,"",-2.6,"",3.2,"",63.5,"",1031.1,"",1031.8,"",.3,"",.0,""
"354150100","KO£OBRZEG","2018","02","25",.0,"8",1.8,"",-4.7,"",3.1,"",71.5,"",1032.1,"",1032.8,"",.2,"",1.2,""
"354150100","KO£OBRZEG","2018","02","26",.0,"8",1.8,"",-6.1,"",2.7,"",68.9,"",1029.6,"",1030.3,"",.0,"",1.4,""
"354150100","KO£OBRZEG","2018","02","27",.0,"8",2.9,"",-8.0,"",2.2,"",65.0,"",1025.0,"",1025.7,"",.2,"",.0,""
"354150100","KO£OBRZEG","2018","02","28",.0,"8",3.1,"",-10.2,"",1.8,"",62.9,"",1030.6,"",1031.4,"",.0,"",.0,""
"354160105","KOSZALIN","2018","02","01",5.0,"",3.3,"",3.2,"",6.5,"",83.9,"",994.0,"",998.2,"",.0,"",.0,""
"354160105","KOSZALIN","2018","02","02",4.8,"",2.8,"",1.5,"",5.5,"",81.8,"",998.4,"",1002.7,"",.0,"",1.2,""
"354160105","KOSZALIN","2018","02","03",7.9,"",2.5,"",.8,"",6.0,"",92.8,"",999.3,"",1003.6,"",1.2,"",2.2,""
"354160105","KOSZALIN","2018","02","04",7.6,"",1.5,"",.8,"",5.9,"",91.0,"",1013.5,"",1017.8,"",.2,"",.2,""
"354160105","KOSZALIN","2018","02","05",5.0,"",1.1,"",-2.1,"",4.4,"",82.6,"",1024.3,"",1028.7,"",.9,"",3.3,""
"354160105","KOSZALIN","2018","02","06",6.0,"",1.9,"",-3.2,"",4.3,"",90.0,"",1016.0,"",1020.4,"",.3,"",.0,""
"354160105","KOSZALIN","2018","02","07",.1,"",1.5,"",-5.6,"",3.2,"",80.0,"",1014.5,"",1018.9,"",.0,"",.0,""
"354160105","KOSZALIN","2018","02","08",.3,"",1.1,"",-6.7,"",3.0,"",80.1,"",1016.7,"",1021.2,"",.0,"",.0,""
"354160105","KOSZALIN","2018","02","09",2.3,"",2.0,"",-4.2,"",3.6,"",79.6,"",1015.9,"",1020.3,"",.0,"",.0,""
"354160105","KOSZALIN","2018","02","10",7.8,"",2.4,"",-3.1,"",4.2,"",84.9,"",1013.0,"",1017.4,"",.0,"",.0,""
"354160105","KOSZALIN","2018","02","11",7.9,"",3.9,"",-.2,"",4.9,"",80.9,"",1001.6,"",1005.9,"",.1,"",.0,""
"354160105","KOSZALIN","2018","02","12",4.5,"",3.1,"",1.1,"",5.6,"",84.9,"",1002.2,"",1006.5,"",.0,"",.0,""
"354160105","KOSZALIN","2018","02","13",5.3,"",2.4,"",-.7,"",5.1,"",87.6,"",1011.9,"",1016.2,"",.0,"",.0,""
"354160105","KOSZALIN","2018","02","14",5.0,"",1.8,"",-2.9,"",4.6,"",92.3,"",1018.2,"",1022.6,"",.0,"",.0,""
"354160105","KOSZALIN","2018","02","15",7.3,"",2.8,"",-2.0,"",4.6,"",86.4,"",1018.1,"",1022.5,"",.0,"",.5,""
"354160105","KOSZALIN","2018","02","16",7.5,"",3.9,"",1.7,"",5.9,"",84.4,"",1014.0,"",1018.4,"",.3,"",.6,""
"354160105","KOSZALIN","2018","02","17",6.8,"",3.3,"",1.6,"",5.9,"",85.4,"",1018.8,"",1023.1,"",.4,"",.1,""
"354160105","KOSZALIN","2018","02","18",7.5,"",1.4,"",1.1,"",5.8,"",87.3,"",1023.2,"",1027.6,"",.0,"",.0,""
"354160105","KOSZALIN","2018","02","19",7.6,"",2.3,"",1.3,"",4.6,"",68.9,"",1019.5,"",1023.9,"",.0,"",.0,""
"354160105","KOSZALIN","2018","02","20",6.5,"",1.6,"",1.0,"",4.5,"",68.1,"",1019.5,"",1023.9,"",.0,"",.0,""
"354160105","KOSZALIN","2018","02","21",5.9,"",1.3,"",-1.3,"",4.7,"",84.1,"",1022.2,"",1026.6,"",.0,"",.3,""
"354160105","KOSZALIN","2018","02","22",4.6,"",1.9,"",-2.1,"",4.0,"",76.6,"",1023.2,"",1027.6,"",.0,"",.0,""
"354160105","KOSZALIN","2018","02","23",2.8,"",1.6,"",-4.7,"",3.4,"",76.0,"",1023.9,"",1028.4,"",.0,"",.4,""
"354160105","KOSZALIN","2018","02","24",4.3,"",3.5,"",-4.1,"",2.9,"",63.5,"",1027.2,"",1031.7,"",.0,"",.0,""
"354160105","KOSZALIN","2018","02","25",4.6,"",1.5,"",-7.0,"",2.8,"",76.8,"",1028.5,"",1033.0,"",.0,"",.2,""
"354160105","KOSZALIN","2018","02","26",2.5,"",1.9,"",-7.1,"",2.5,"",69.8,"",1025.9,"",1030.4,"",.0,"",1.7,""
"354160105","KOSZALIN","2018","02","27",4.4,"",3.1,"",-8.7,"",2.0,"",62.1,"",1021.7,"",1026.2,"",.2,"",.0,""
"354160105","KOSZALIN","2018","02","28",2.0,"",2.1,"",-11.1,"",1.7,"",65.6,"",1027.0,"",1031.6,"",.0,"",.0,""
"354160115","USTKA","2018","02","01",5.5,"",4.5,"",3.8,"",6.7,"",83.3,"",996.2,"",997.6,"",.0,"",.0,""
"354160115","USTKA","2018","02","02",6.0,"",4.4,"",1.8,"",5.7,"",81.9,"",1001.0,"",1002.5,"",.0,"",.1,""
"354160115","USTKA","2018","02","03",7.6,"",4.3,"",1.7,"",6.3,"",91.1,"",1001.8,"",1003.2,"",2.3,"",.2,""
"354160115","USTKA","2018","02","04",7.0,"",6.3,"",1.4,"",5.9,"",87.3,"",1016.5,"",1018.0,"",.8,"",.5,""
"354160115","USTKA","2018","02","05",5.4,"",5.6,"",-.8,"",4.8,"",82.6,"",1026.7,"",1028.2,"",3.6,"",1.5,""
"354160115","USTKA","2018","02","06",5.4,"",6.6,"",-1.3,"",4.3,"",77.8,"",1018.1,"",1019.6,"",.3,"",.7,""
"354160115","USTKA","2018","02","07",1.1,"",3.1,"",-4.9,"",3.2,"",76.9,"",1017.5,"",1019.0,"",.0,"",.0,""
"354160115","USTKA","2018","02","08",2.6,"",3.3,"",-5.7,"",3.2,"",78.0,"",1019.5,"",1021.0,"",.0,"",.0,""
"354160115","USTKA","2018","02","09",2.5,"",3.1,"",-2.6,"",4.0,"",78.9,"",1018.9,"",1020.4,"",.0,"",.0,""
"354160115","USTKA","2018","02","10",7.9,"",3.0,"",-3.6,"",4.0,"",86.1,"",1016.1,"",1017.6,"",.0,"",.0,""
"354160115","USTKA","2018","02","11",7.6,"",4.8,"",-.3,"",4.7,"",78.9,"",1004.8,"",1006.2,"",.0,"",.0,""
"354160115","USTKA","2018","02","12",5.5,"",5.1,"",1.7,"",5.7,"",83.3,"",1004.3,"",1005.8,"",.1,"",.1,""
"354160115","USTKA","2018","02","13",8.0,"",3.4,"",.4,"",5.4,"",85.5,"",1014.5,"",1016.0,"",.0,"",.0,""
"354160115","USTKA","2018","02","14",4.6,"",2.0,"",-1.2,"",4.8,"",86.0,"",1021.1,"",1022.6,"",.0,"",.0,""
"354160115","USTKA","2018","02","15",5.5,"",3.4,"",-1.7,"",4.5,"",83.0,"",1021.4,"",1022.9,"",.0,"",1.1,""
"354160115","USTKA","2018","02","16",7.4,"",5.4,"",1.4,"",6.0,"",89.0,"",1016.0,"",1017.5,"",.7,"",1.1,""
"354160115","USTKA","2018","02","17",7.3,"",6.1,"",2.3,"",6.3,"",87.5,"",1020.7,"",1022.2,"",.0,"",.0,""
"354160115","USTKA","2018","02","18",7.1,"",1.8,"",1.1,"",5.9,"",88.6,"",1025.6,"",1027.1,"",.0,"",.0,""
"354160115","USTKA","2018","02","19",7.8,"",3.1,"",1.3,"",4.9,"",73.0,"",1022.4,"",1023.9,"",.0,"",.0,""
"354160115","USTKA","2018","02","20",5.1,"",3.4,"",.7,"",5.1,"",79.5,"",1022.8,"",1024.3,"",.0,"",.0,""
"354160115","USTKA","2018","02","21",6.8,"",2.0,"",-.6,"",4.9,"",84.1,"",1025.0,"",1026.5,"",.0,"",1.8,""
"354160115","USTKA","2018","02","22",4.4,"",3.3,"",-2.8,"",4.0,"",80.1,"",1026.5,"",1028.0,"",.0,"",.0,""
"354160115","USTKA","2018","02","23",4.4,"",4.4,"",-3.6,"",3.6,"",75.1,"",1026.5,"",1028.0,"",.0,"",.9,""
"354160115","USTKA","2018","02","24",6.5,"",10.4,"",-3.3,"",3.6,"",75.9,"",1030.0,"",1031.5,"",.3,"",.3,""
"354160115","USTKA","2018","02","25",5.9,"",2.8,"",-6.2,"",3.2,"",81.5,"",1031.2,"",1032.8,"",.2,"",1.2,""
"354160115","USTKA","2018","02","26",2.9,"",2.4,"",-7.1,"",2.6,"",71.4,"",1028.8,"",1030.3,"",.0,"",.6,""
"354160115","USTKA","2018","02","27",4.9,"",4.6,"",-8.7,"",2.2,"",70.1,"",1025.0,"",1026.5,"",.0,"",.0,""
"354160115","USTKA","2018","02","28",3.5,"",4.9,"",-9.5,"",2.2,"",72.5,"",1030.5,"",1032.0,"",.0,"",.0,""
"354170120","£EBA","2018","02","01",6.6,"",5.3,"",3.3,"",6.8,"",87.0,"",997.3,"",997.7,"",.0,"",.0,""
"354170120","£EBA","2018","02","02",3.8,"",4.0,"",.7,"",5.5,"",86.8,"",1002.5,"",1002.9,"",.0,"",.5,""
"354170120","£EBA","2018","02","03",7.9,"",2.5,"",1.4,"",6.3,"",92.6,"",1003.1,"",1003.5,"",.4,"",.0,""
"354170120","£EBA","2018","02","04",6.9,"",4.0,"",1.1,"",5.6,"",84.8,"",1017.7,"",1018.1,"",1.1,"",.1,""
"354170120","£EBA","2018","02","05",6.0,"",4.1,"",-1.5,"",4.3,"",78.6,"",1027.5,"",1028.0,"",2.9,"",1.6,""
"354170120","£EBA","2018","02","06",6.8,"",4.9,"",-1.6,"",4.0,"",73.9,"",1018.8,"",1019.3,"",.1,"",1.1,""
"354170120","£EBA","2018","02","07",1.6,"",2.0,"",-5.7,"",3.2,"",79.9,"",1019.0,"",1019.4,"",.0,"",.0,""
"354170120","£EBA","2018","02","08",3.4,"",2.0,"",-6.6,"",3.2,"",81.0,"",1020.7,"",1021.1,"",.0,"",.0,""
"354170120","£EBA","2018","02","09",4.1,"",2.1,"",-2.4,"",4.3,"",83.0,"",1020.5,"",1020.9,"",.0,"",.0,""
"354170120","£EBA","2018","02","10",7.0,"",2.8,"",-4.9,"",3.8,"",90.0,"",1017.7,"",1018.1,"",.0,"",.0,""
"354170120","£EBA","2018","02","11",7.6,"",5.5,"",-1.0,"",4.5,"",78.9,"",1006.6,"",1007.0,"",.0,"",.0,""
"354170120","£EBA","2018","02","12",5.6,"",7.0,"",1.5,"",5.7,"",83.4,"",1005.6,"",1006.0,"",.0,"",.1,""
"354170120","£EBA","2018","02","13",7.9,"",3.4,"",.6,"",5.5,"",86.4,"",1015.7,"",1016.1,"",.0,"",.0,""
"354170120","£EBA","2018","02","14",4.3,"",1.8,"",-1.2,"",4.8,"",85.1,"",1022.4,"",1022.8,"",.0,"",.0,""
"354170120","£EBA","2018","02","15",5.5,"",2.9,"",-2.2,"",4.3,"",83.6,"",1023.0,"",1023.5,"",.0,"",.8,""
"354170120","£EBA","2018","02","16",7.4,"",6.3,"",.3,"",5.7,"",90.9,"",1017.2,"",1017.6,"",2.2,"",1.9,""
"354170120","£EBA","2018","02","17",6.9,"",3.5,"",1.9,"",6.3,"",89.0,"",1021.4,"",1021.8,"",.0,"",.0,""
"354170120","£EBA","2018","02","18",6.5,"",2.6,"",-.2,"",5.7,"",93.9,"",1026.6,"",1027.0,"",.2,"",.0,""
"354170120","£EBA","2018","02","19",7.5,"",2.6,"",1.0,"",4.9,"",75.6,"",1023.8,"",1024.2,"",.0,"",.0,""
"354170120","£EBA","2018","02","20",5.1,"",2.8,"",.3,"",5.0,"",80.4,"",1024.3,"",1024.7,"",.0,"",.1,""
"354170120","£EBA","2018","02","21",6.6,"",2.3,"",-1.0,"",4.7,"",82.0,"",1026.1,"",1026.6,"",.1,"",.0,""
"354170120","£EBA","2018","02","22",5.3,"",3.4,"",-3.8,"",3.6,"",76.1,"",1028.2,"",1028.7,"",.0,"",.0,""
"354170120","£EBA","2018","02","23",5.1,"",3.4,"",-4.4,"",3.5,"",79.0,"",1027.4,"",1027.8,"",.2,"",.9,""
"354170120","£EBA","2018","02","24",7.3,"",7.0,"",-4.0,"",3.1,"",66.9,"",1031.2,"",1031.7,"",.1,"",1.2,""
"354170120","£EBA","2018","02","25",7.1,"",3.5,"",-6.6,"",3.0,"",80.4,"",1032.5,"",1033.0,"",.5,"",1.1,""
"354170120","£EBA","2018","02","26",3.9,"",2.4,"",-8.6,"",2.4,"",74.9,"",1029.9,"",1030.4,"",.0,"",1.2,""
"354170120","£EBA","2018","02","27",5.0,"",5.6,"",-9.0,"",2.2,"",71.0,"",1026.8,"",1027.3,"",.0,"",.0,""
"354170120","£EBA","2018","02","28",5.8,"",5.6,"",-8.7,"",2.3,"",72.6,"",1031.9,"",1032.4,"",.0,"",.0,""
"354170125","L BORK","2018","02","01",.0,"8",.0,"8",.0,"8",.0,"8",.0,"8",.0,"8",.0,"8",.0,"8",.0,"8"
"354170125","L BORK","2018","02","02",.0,"8",2.4,"",1.4,"",5.5,"",81.9,"",998.1,"",1003.0,"",.0,"",.0,""
"354170125","L BORK","2018","02","03",.0,"8",2.1,"",1.8,"",6.3,"",89.9,"",998.5,"",1003.4,"",.0,"",.0,""
"354170125","L BORK","2018","02","04",.0,"8",3.1,"",.7,"",5.7,"",88.6,"",1012.7,"",1017.7,"",.1,"",.6,""
"354170125","L BORK","2018","02","05",.0,"8",1.9,"",-3.3,"",4.2,"",88.1,"",1022.6,"",1027.7,"",2.1,"",1.5,""
"354170125","L BORK","2018","02","06",.0,"8",2.6,"",-3.4,"",4.2,"",88.3,"",1014.3,"",1019.4,"",.1,"",.2,""
"354170125","L BORK","2018","02","07",.0,"8",2.1,"",-6.3,"",2.9,"",76.3,"",1014.1,"",1019.3,"",.0,"",.0,""
"354170125","L BORK","2018","02","08",.0,"8",1.0,"",-8.9,"",2.7,"",81.8,"",1015.9,"",1021.1,"",.0,"",.0,""
"354170125","L BORK","2018","02","09",.0,"8",1.9,"",-3.9,"",4.0,"",86.0,"",1015.6,"",1020.7,"",.0,"",.0,""
"354170125","L BORK","2018","02","10",.0,"8",1.6,"",-4.8,"",3.9,"",90.3,"",1012.9,"",1018.0,"",.0,"",.0,""
"354170125","L BORK","2018","02","11",.0,"8",3.6,"",-1.1,"",4.4,"",77.9,"",1002.2,"",1007.2,"",.0,"",.0,""
"354170125","L BORK","2018","02","12",.0,"8",3.9,"",2.3,"",5.6,"",77.6,"",1001.3,"",1006.2,"",.0,"",.0,""
"354170125","L BORK","2018","02","13",.0,"8",2.6,"",.9,"",5.3,"",81.1,"",1011.1,"",1016.1,"",.8,"",.0,""
"354170125","L BORK","2018","02","14",.0,"8",1.0,"",-.7,"",4.7,"",81.6,"",1017.4,"",1022.5,"",.0,"",.0,""
"354170125","L BORK","2018","02","15",.0,"8",2.0,"",-2.0,"",4.4,"",84.3,"",1018.4,"",1023.4,"",.0,"",.2,""
"354170125","L BORK","2018","02","16",.0,"8",3.8,"",.5,"",5.8,"",90.5,"",1012.8,"",1017.8,"",1.6,"",3.4,""
"354170125","L BORK","2018","02","17",.0,"8",3.0,"",1.3,"",6.6,"",98.0,"",1016.6,"",1021.6,"",1.7,"",.0,""
"354170125","L BORK","2018","02","18",.0,"8",1.5,"",-.3,"",5.7,"",96.0,"",1021.9,"",1026.9,"",.0,"",.0,""
"354170125","L BORK","2018","02","19",.0,"8",1.8,"",1.0,"",4.9,"",75.1,"",1019.1,"",1024.1,"",.0,"",.0,""
"354170125","L BORK","2018","02","20",.0,"8",1.5,"",.1,"",4.7,"",78.1,"",1019.4,"",1024.4,"",.0,"",.0,""
"354170125","L BORK","2018","02","21",.0,"8",1.5,"",-1.5,"",4.6,"",84.4,"",1021.1,"",1026.2,"",.0,"",.0,""
"354170125","L BORK","2018","02","22",.0,"8",2.5,"",-4.3,"",3.5,"",79.1,"",1023.1,"",1028.2,"",.0,"",.0,""
"354170125","L BORK","2018","02","23",.0,"8",2.3,"",-5.7,"",3.3,"",80.9,"",1022.4,"",1027.6,"",.0,"",1.5,""
"354170125","L BORK","2018","02","24",.0,"8",4.1,"",-5.5,"",3.0,"",74.6,"",1025.9,"",1031.1,"",.2,"",.0,""
"354170125","L BORK","2018","02","25",.0,"8",2.1,"",-9.0,"",2.6,"",82.5,"",1027.5,"",1032.8,"",.0,"",.1,""
"354170125","L BORK","2018","02","26",.0,"8",1.3,"",-8.7,"",1.9,"",76.4,"",1025.2,"",1030.5,"",.0,"",.5,""
"354170125","L BORK","2018","02","27",.0,"8",4.0,"",-9.4,"",2.1,"",71.3,"",1021.9,"",1027.1,"",.0,"",.5,""
"354170125","L BORK","2018","02","28",.0,"8",4.0,"",-9.6,"",2.3,"",76.4,"",1026.6,"",1031.9,"",.0,"",.0,""
"354180135","HEL","2018","02","01",6.9,"",4.1,"",3.7,"",7.2,"",89.9,"",998.1,"",998.5,"",.0,"",.0,""
"354180135","HEL","2018","02","02",3.0,"",3.4,"",1.8,"",6.2,"",89.4,"",1003.3,"",1003.7,"",.0,"",.0,""
"354180135","HEL","2018","02","03",7.4,"",3.1,"",1.6,"",6.4,"",93.4,"",1003.8,"",1004.2,"",3.3,"",.3,""
"354180135","HEL","2018","02","04",6.3,"",4.3,"",.9,"",5.2,"",79.4,"",1017.4,"",1017.8,"",.1,"",.1,""
"354180135","HEL","2018","02","05",5.4,"",3.5,"",-1.7,"",4.1,"",75.3,"",1026.5,"",1026.9,"",2.3,"",2.8,""
"354180135","HEL","2018","02","06",5.5,"",5.6,"",-1.7,"",4.1,"",75.5,"",1018.4,"",1018.8,"",.0,"",.0,""
"354180135","HEL","2018","02","07",1.1,"",2.8,"",-3.6,"",3.6,"",76.8,"",1019.2,"",1019.6,"",.0,"",.0,""
"354180135","HEL","2018","02","08",1.5,"",2.0,"",-4.4,"",3.7,"",84.6,"",1020.2,"",1020.6,"",.0,"",.0,""
"354180135","HEL","2018","02","09",3.5,"",2.8,"",-2.1,"",4.7,"",89.8,"",1020.8,"",1021.2,"",.0,"",.0,""
"354180135","HEL","2018","02","10",8.0,"",2.3,"",-4.0,"",4.3,"",93.4,"",1018.2,"",1018.6,"",.0,"",.0,""
"354180135","HEL","2018","02","11",6.8,"",5.1,"",-1.5,"",4.5,"",81.9,"",1008.2,"",1008.6,"",.0,"",.6,""
"354180135","HEL","2018","02","12",5.8,"",4.8,"",1.6,"",5.8,"",84.5,"",1006.5,"",1006.9,"",.0,"",.0,""
"354180135","HEL","2018","02","13",5.5,"",2.9,"",.6,"",5.4,"",84.6,"",1016.0,"",1016.4,"",.0,"",.0,""
"354180135","HEL","2018","02","14",5.6,"",2.1,"",.0,"",5.5,"",90.0,"",1022.2,"",1022.6,"",.0,"",.0,""
"354180135","HEL","2018","02","15",6.9,"",3.6,"",-.4,"",4.9,"",83.0,"",1023.9,"",1024.3,"",.0,"",.0,""
"354180135","HEL","2018","02","16",7.4,"",4.9,"",.2,"",5.7,"",90.0,"",1018.0,"",1018.4,"",3.5,"",.9,""
"354180135","HEL","2018","02","17",6.3,"",4.4,"",1.9,"",6.3,"",89.6,"",1020.5,"",1020.9,"",.0,"",.0,""
"354180135","HEL","2018","02","18",6.6,"",2.9,"",.9,"",5.4,"",82.9,"",1026.3,"",1026.7,"",.0,"",.0,""
"354180135","HEL","2018","02","19",7.1,"",2.6,"",1.7,"",5.1,"",73.8,"",1024.1,"",1024.5,"",.0,"",.0,""
"354180135","HEL","2018","02","20",4.6,"",2.5,"",.7,"",5.0,"",78.4,"",1024.4,"",1024.8,"",.0,"",.0,""
"354180135","HEL","2018","02","21",6.0,"",3.1,"",-.7,"",4.2,"",72.5,"",1025.5,"",1025.9,"",.3,"",.0,""
"354180135","HEL","2018","02","22",5.0,"",3.8,"",-4.2,"",3.2,"",70.8,"",1028.5,"",1028.9,"",.0,"",.0,""
"354180135","HEL","2018","02","23",5.4,"",3.6,"",-4.1,"",3.4,"",75.4,"",1026.7,"",1027.1,"",.0,"",3.3,""
"354180135","HEL","2018","02","24",6.5,"",6.6,"",-4.8,"",3.0,"",69.3,"",1030.2,"",1030.6,"",.1,"",2.3,""
"354180135","HEL","2018","02","25",7.0,"",3.4,"",-6.7,"",3.0,"",80.9,"",1032.4,"",1032.8,"",1.0,"",.2,""
"354180135","HEL","2018","02","26",5.1,"",3.3,"",-7.5,"",2.7,"",76.9,"",1029.7,"",1030.1,"",.0,"",4.4,""
"354180135","HEL","2018","02","27",5.9,"",6.4,"",-8.9,"",2.3,"",71.3,"",1027.8,"",1028.2,"",.0,"",.0,""
"354180135","HEL","2018","02","28",5.5,"",6.0,"",-9.4,"",2.2,"",71.0,"",1032.1,"",1032.5,"",.1,"",.0,""
"354180155","GDA—SK-åWIBNO","2018","02","01",7.4,"",3.8,"",3.8,"",7.1,"",88.0,"",997.6,"",998.7,"",.0,"",.0,""
"354180155","GDA—SK-åWIBNO","2018","02","02",2.3,"",3.3,"",.4,"",5.9,"",93.1,"",1002.9,"",1004.0,"",.0,"",.0,""
"354180155","GDA—SK-åWIBNO","2018","02","03",7.6,"",3.0,"",.8,"",6.1,"",94.8,"",1003.2,"",1004.3,"",.2,"",.3,""
"354180155","GDA—SK-åWIBNO","2018","02","04",6.8,"",4.3,"",.6,"",5.3,"",83.8,"",1016.2,"",1017.3,"",.0,"",.3,""
"354180155","GDA—SK-åWIBNO","2018","02","05",6.3,"",4.0,"",-2.0,"",4.1,"",79.0,"",1025.5,"",1026.7,"",3.5,"",3.1,""
"354180155","GDA—SK-åWIBNO","2018","02","06",5.3,"",4.0,"",-3.6,"",3.9,"",82.4,"",1018.0,"",1019.1,"",.0,"",.0,""
"354180155","GDA—SK-åWIBNO","2018","02","07",.5,"",2.3,"",-7.3,"",3.0,"",85.6,"",1018.6,"",1019.8,"",.0,"",.0,""
"354180155","GDA—SK-åWIBNO","2018","02","08",.8,"",1.3,"",-8.2,"",3.0,"",88.0,"",1019.4,"",1020.6,"",.0,"",.0,""
"354180155","GDA—SK-åWIBNO","2018","02","09",3.4,"",1.9,"",-9.2,"",2.8,"",91.1,"",1020.1,"",1021.3,"",.0,"",.1,""
"354180155","GDA—SK-åWIBNO","2018","02","10",6.0,"",2.3,"",-5.4,"",3.9,"",95.6,"",1017.6,"",1018.8,"",.0,"",.0,""
"354180155","GDA—SK-åWIBNO","2018","02","11",7.1,"",5.9,"",-2.7,"",4.4,"",87.4,"",1007.8,"",1008.9,"",.0,"",.3,""
"354180155","GDA—SK-åWIBNO","2018","02","12",5.9,"",4.8,"",1.0,"",5.6,"",86.3,"",1006.2,"",1007.3,"",.0,"",.0,""
"354180155","GDA—SK-åWIBNO","2018","02","13",4.6,"",2.4,"",-1.8,"",4.9,"",91.1,"",1015.6,"",1016.7,"",.0,"",.0,""
"354180155","GDA—SK-åWIBNO","2018","02","14",5.6,"",2.4,"",-1.1,"",5.3,"",93.3,"",1021.2,"",1022.4,"",.0,"",.0,""
"354180155","GDA—SK-åWIBNO","2018","02","15",6.6,"",3.5,"",-1.3,"",5.0,"",89.1,"",1023.2,"",1024.3,"",.0,"",.0,""
"354180155","GDA—SK-åWIBNO","2018","02","16",7.5,"",4.1,"",-.4,"",5.4,"",89.8,"",1017.6,"",1018.7,"",.2,"",.1,""
"354180155","GDA—SK-åWIBNO","2018","02","17",7.1,"",3.5,"",1.9,"",6.1,"",87.3,"",1019.9,"",1021.0,"",.1,"",.8,""
"354180155","GDA—SK-åWIBNO","2018","02","18",6.6,"",2.5,"",.5,"",5.4,"",85.0,"",1025.5,"",1026.6,"",.5,"",.0,""
"354180155","GDA—SK-åWIBNO","2018","02","19",7.9,"",2.1,"",.5,"",5.3,"",83.8,"",1023.5,"",1024.6,"",.0,"",.0,""
"354180155","GDA—SK-åWIBNO","2018","02","20",5.1,"",2.6,"",.9,"",5.1,"",78.4,"",1023.3,"",1024.4,"",.0,"",.0,""
"354180155","GDA—SK-åWIBNO","2018","02","21",5.6,"",3.4,"",-.8,"",4.6,"",79.5,"",1024.5,"",1025.7,"",.4,"",.0,""
"354180155","GDA—SK-åWIBNO","2018","02","22",4.0,"",3.8,"",-5.1,"",3.1,"",73.5,"",1027.4,"",1028.6,"",.0,"",.0,""
"354180155","GDA—SK-åWIBNO","2018","02","23",3.4,"",2.9,"",-6.0,"",3.0,"",74.9,"",1026.0,"",1027.2,"",.0,"",1.4,""
"354180155","GDA—SK-åWIBNO","2018","02","24",5.6,"",7.3,"",-5.9,"",2.8,"",70.1,"",1028.8,"",1030.0,"",.0,"",.0,""
"354180155","GDA—SK-åWIBNO","2018","02","25",5.3,"",3.1,"",-9.8,"",2.3,"",76.3,"",1031.5,"",1032.7,"",.2,"",.0,""
"354180155","GDA—SK-åWIBNO","2018","02","26",3.5,"",2.9,"",-10.4,"",2.0,"",72.4,"",1029.0,"",1030.2,"",.0,"",.2,""
"354180155","GDA—SK-åWIBNO","2018","02","27",3.5,"",5.3,"",-10.8,"",1.9,"",69.0,"",1026.8,"",1028.0,"",.0,"",.0,""
"354180155","GDA—SK-åWIBNO","2018","02","28",3.3,"",5.8,"",-11.5,"",1.9,"",72.0,"",1030.9,"",1032.1,"",.0,"",.0,""
"354190160","ELBL•G-MILEJEWO","2018","02","01",7.4,"",4.5,"",2.6,"",6.8,"",91.1,"",976.6,"",999.3,"",.1,"",.0,""
"354190160","ELBL•G-MILEJEWO","2018","02","02",5.4,"",3.4,"",-.3,"",5.7,"",94.9,"",981.7,"",1004.7,"",.0,"",.0,""
"354190160","ELBL•G-MILEJEWO","2018","02","03",7.6,"",2.9,"",-.2,"",5.6,"",93.5,"",981.9,"",1004.9,"",.4,"",.0,""
"354190160","ELBL•G-MILEJEWO","2018","02","04",6.9,"",4.3,"",-1.6,"",4.9,"",89.0,"",993.8,"",1017.2,"",.0,"",.1,""
"354190160","ELBL•G-MILEJEWO","2018","02","05",5.0,"",2.5,"",-5.0,"",3.4,"",80.9,"",1002.7,"",1026.6,"",.5,"",6.2,""
"354190160","ELBL•G-MILEJEWO","2018","02","06",6.8,"",4.5,"",-4.6,"",3.9,"",88.9,"",995.5,"",1019.2,"",.0,"",.0,""
"354190160","ELBL•G-MILEJEWO","2018","02","07",.8,"",2.4,"",-6.4,"",2.9,"",77.8,"",996.2,"",1020.1,"",.0,"",.0,""
"354190160","ELBL•G-MILEJEWO","2018","02","08",.0,"",2.1,"",-6.2,"",3.2,"",82.1,"",996.8,"",1020.7,"",.0,"",.0,""
"354190160","ELBL•G-MILEJEWO","2018","02","09",2.4,"",2.3,"",-5.2,"",3.5,"",82.6,"",997.5,"",1021.4,"",.0,"",.0,""
"354190160","ELBL•G-MILEJEWO","2018","02","10",8.0,"",2.0,"",-6.3,"",3.6,"",93.6,"",995.1,"",1018.9,"",.0,"",.0,""
"354190160","ELBL•G-MILEJEWO","2018","02","11",7.9,"",4.1,"",-4.0,"",4.1,"",89.6,"",986.3,"",1009.7,"",.0,"",1.4,""
"354190160","ELBL•G-MILEJEWO","2018","02","12",6.3,"",5.0,"",-.9,"",5.3,"",92.3,"",985.0,"",1008.1,"",.0,"",.0,""
"354190160","ELBL•G-MILEJEWO","2018","02","13",4.6,"",3.3,"",-2.5,"",4.7,"",91.1,"",993.6,"",1017.1,"",.0,"",.0,""
"354190160","ELBL•G-MILEJEWO","2018","02","14",6.5,"",2.0,"",-2.6,"",4.9,"",96.3,"",998.8,"",1022.4,"",.0,"",.0,""
"354190160","ELBL•G-MILEJEWO","2018","02","15",7.8,"",2.6,"",-2.4,"",4.4,"",84.8,"",1001.2,"",1024.8,"",.0,"",.0,""
"354190160","ELBL•G-MILEJEWO","2018","02","16",8.0,"",4.9,"",-1.9,"",5.0,"",93.4,"",996.0,"",1019.5,"",.2,"",.4,""
"354190160","ELBL•G-MILEJEWO","2018","02","17",7.4,"",4.1,"",.2,"",5.9,"",94.9,"",997.7,"",1021.0,"",1.2,"",.5,""
"354190160","ELBL•G-MILEJEWO","2018","02","18",6.4,"",2.6,"",-1.4,"",5.0,"",89.9,"",1003.1,"",1026.7,"",.8,"",.0,""
"354190160","ELBL•G-MILEJEWO","2018","02","19",7.4,"",2.4,"",-.8,"",4.8,"",83.1,"",1001.5,"",1025.0,"",.0,"",.0,""
"354190160","ELBL•G-MILEJEWO","2018","02","20",5.5,"",2.0,"",-.7,"",4.5,"",77.4,"",1001.1,"",1024.6,"",.0,"",.0,""
"354190160","ELBL•G-MILEJEWO","2018","02","21",5.5,"",2.1,"",-3.1,"",3.9,"",80.6,"",1002.0,"",1025.7,"",.5,"",.0,""
"354190160","ELBL•G-MILEJEWO","2018","02","22",6.3,"",2.8,"",-8.2,"",2.7,"",81.6,"",1004.4,"",1028.7,"",.0,"",.0,""
"354190160","ELBL•G-MILEJEWO","2018","02","23",3.0,"",2.8,"",-8.6,"",2.5,"",76.4,"",1002.9,"",1027.2,"",.0,"",1.4,""
"354190160","ELBL•G-MILEJEWO","2018","02","24",3.1,"",7.0,"",-9.7,"",2.2,"",72.1,"",1005.2,"",1029.6,"",.0,"",.0,""
"354190160","ELBL•G-MILEJEWO","2018","02","25",1.4,"",2.8,"",-12.8,"",1.7,"",73.0,"",1008.2,"",1033.0,"",.0,"",.0,""
"354190160","ELBL•G-MILEJEWO","2018","02","26",2.5,"",2.4,"",-13.2,"",1.7,"",76.1,"",1005.6,"",1030.4,"",.1,"",.4,""
"354190160","ELBL•G-MILEJEWO","2018","02","27",3.3,"",4.9,"",-13.7,"",1.5,"",68.0,"",1003.5,"",1028.3,"",.0,"",.0,""
"354190160","ELBL•G-MILEJEWO","2018","02","28",3.3,"",4.9,"",-14.9,"",1.4,"",70.5,"",1007.0,"",1032.0,"",.0,"",.0,""
"354210185","K TRZYN","2018","02","01",.0,"8",3.3,"",2.7,"",7.0,"",94.1,"",986.7,"",1000.2,"",.7,"",.0,""
"354210185","K TRZYN","2018","02","02",.0,"8",2.5,"",-.1,"",5.8,"",95.5,"",991.7,"",1005.4,"",.0,"",.0,""
"354210185","K TRZYN","2018","02","03",.0,"8",3.3,"",-.6,"",5.6,"",94.8,"",992.5,"",1006.2,"",.0,"",.0,""
"354210185","K TRZYN","2018","02","04",.0,"8",2.6,"",-1.3,"",4.5,"",80.9,"",1002.1,"",1016.0,"",.0,"",.2,""
"354210185","K TRZYN","2018","02","05",.0,"8",2.5,"",-5.3,"",3.1,"",74.4,"",1010.9,"",1025.2,"",.0,"",.0,""
"354210185","K TRZYN","2018","02","06",.0,"8",4.6,"",-3.3,"",3.9,"",80.5,"",1004.4,"",1018.5,"",.0,"",.3,""
"354210185","K TRZYN","2018","02","07",.0,"8",2.6,"",-5.7,"",3.1,"",77.0,"",1006.4,"",1020.6,"",.0,"",.0,""
"354210185","K TRZYN","2018","02","08",.0,"8",2.4,"",-5.3,"",3.7,"",90.4,"",1006.0,"",1020.2,"",.0,"",.0,""
"354210185","K TRZYN","2018","02","09",.0,"8",1.9,"",-5.4,"",3.7,"",89.4,"",1006.9,"",1021.1,"",.0,"",.0,""
"354210185","K TRZYN","2018","02","10",.0,"8",1.5,"",-5.6,"",3.7,"",91.6,"",1004.7,"",1018.9,"",.0,"",.0,""
"354210185","K TRZYN","2018","02","11",.0,"8",4.6,"",-3.8,"",4.1,"",87.3,"",997.3,"",1011.3,"",.0,"",.0,""
"354210185","K TRZYN","2018","02","12",.0,"8",5.0,"",-1.2,"",4.8,"",85.5,"",995.7,"",1009.5,"",.0,"",.0,""
"354210185","K TRZYN","2018","02","13",.0,"8",1.8,"",-.5,"",5.3,"",89.6,"",1003.2,"",1017.2,"",.0,"",.0,""
"354210185","K TRZYN","2018","02","14",.0,"8",1.1,"",-.5,"",5.3,"",89.5,"",1007.9,"",1021.9,"",.0,"",.0,""
"354210185","K TRZYN","2018","02","15",.0,"8",3.5,"",-3.2,"",4.0,"",83.4,"",1011.5,"",1025.6,"",.0,"",.0,""
"354210185","K TRZYN","2018","02","16",.0,"8",3.9,"",-1.4,"",4.9,"",87.3,"",1006.2,"",1020.2,"",.2,"",.5,""
"354210185","K TRZYN","2018","02","17",.0,"8",3.8,"",.4,"",5.8,"",92.3,"",1006.2,"",1020.1,"",.7,"",.1,""
"354210185","K TRZYN","2018","02","18",.0,"8",2.4,"",-2.1,"",4.3,"",82.3,"",1011.7,"",1025.8,"",.0,"",.0,""
"354210185","K TRZYN","2018","02","19",.0,"8",1.8,"",-.1,"",5.0,"",83.4,"",1010.8,"",1024.8,"",.0,"",.0,""
"354210185","K TRZYN","2018","02","20",.0,"8",.9,"",-.4,"",5.0,"",84.0,"",1010.4,"",1024.4,"",.0,"",.0,""
"354210185","K TRZYN","2018","02","21",.0,"8",2.0,"",-3.5,"",3.5,"",73.8,"",1011.2,"",1025.4,"",.0,"",.0,""
"354210185","K TRZYN","2018","02","22",.0,"8",2.4,"",-7.8,"",2.5,"",73.8,"",1014.0,"",1028.4,"",.0,"",.0,""
"354210185","K TRZYN","2018","02","23",.0,"8",1.5,"",-8.7,"",2.4,"",76.8,"",1012.2,"",1026.6,"",.0,"",2.2,""
"354210185","K TRZYN","2018","02","24",.0,"8",2.9,"",-10.7,"",2.1,"",75.8,"",1013.9,"",1028.5,"",.0,"",.0,""
"354210185","K TRZYN","2018","02","25",.0,"8",1.3,"",-15.0,"",1.5,"",77.6,"",1017.6,"",1032.5,"",.0,"",.0,""
"354210185","K TRZYN","2018","02","26",.0,"8",1.3,"",-15.5,"",1.4,"",76.0,"",1015.1,"",1030.0,"",.0,"",.0,""
"354210185","K TRZYN","2018","02","27",.0,"8",2.8,"",-14.5,"",1.4,"",70.3,"",1013.4,"",1028.3,"",.0,"",.0,""
"354210185","K TRZYN","2018","02","28",.0,"8",3.4,"",-14.5,"",1.4,"",69.6,"",1016.7,"",1031.6,"",.0,"",.0,""
"354220195","SUWA£KI","2018","02","01",8.0,"",3.4,"",1.3,"",6.4,"",95.3,"",978.6,"",1001.5,"",4.9,"",.3,""
"354220195","SUWA£KI","2018","02","02",8.0,"",2.0,"",.3,"",6.1,"",97.1,"",982.8,"",1005.9,"",.0,"",.0,""
"354220195","SUWA£KI","2018","02","03",7.5,"",1.5,"",-.5,"",5.6,"",94.5,"",983.7,"",1006.8,"",.0,"",.0,""
"354220195","SUWA£KI","2018","02","04",6.3,"",4.9,"",-2.2,"",4.3,"",81.4,"",991.8,"",1015.3,"",.1,"",.0,""
"354220195","SUWA£KI","2018","02","05",6.5,"",3.9,"",-6.4,"",3.0,"",79.1,"",999.8,"",1023.8,"",.7,"",.0,""
"354220195","SUWA£KI","2018","02","06",6.1,"",4.1,"",-5.5,"",3.3,"",80.1,"",994.1,"",1018.0,"",.1,"",.0,""
"354220195","SUWA£KI","2018","02","07",1.9,"",2.6,"",-5.8,"",3.0,"",75.9,"",997.7,"",1021.7,"",.0,"",.0,""
"354220195","SUWA£KI","2018","02","08",8.0,"",3.0,"",-4.2,"",4.2,"",92.9,"",996.3,"",1020.0,"",.0,"",.0,""
"354220195","SUWA£KI","2018","02","09",7.4,"",3.3,"",-5.7,"",3.7,"",92.5,"",996.9,"",1020.8,"",.0,"",.0,""
"354220195","SUWA£KI","2018","02","10",8.0,"",1.5,"",-5.2,"",3.9,"",93.4,"",994.9,"",1018.7,"",.0,"",.0,""
"354220195","SUWA£KI","2018","02","11",8.0,"",3.0,"",-4.8,"",3.9,"",89.8,"",989.1,"",1012.8,"",.1,"",.0,""
"354220195","SUWA£KI","2018","02","12",8.0,"",3.6,"",-1.6,"",4.3,"",79.5,"",987.8,"",1011.1,"",.0,"",.0,""
"354220195","SUWA£KI","2018","02","13",7.9,"",1.5,"",-.6,"",5.2,"",88.4,"",994.3,"",1017.7,"",.0,"",.0,""
"354220195","SUWA£KI","2018","02","14",8.0,"",2.0,"",-1.5,"",4.7,"",85.4,"",998.7,"",1022.3,"",.0,"",.0,""
"354220195","SUWA£KI","2018","02","15",7.6,"",2.6,"",-5.0,"",3.5,"",83.3,"",1002.8,"",1026.8,"",.0,"",.0,""
"354220195","SUWA£KI","2018","02","16",8.0,"",3.0,"",-2.8,"",4.4,"",88.0,"",997.7,"",1021.3,"",.2,"",1.2,""
"354220195","SUWA£KI","2018","02","17",7.4,"",3.9,"",-.6,"",5.2,"",89.0,"",996.0,"",1019.4,"",1.3,"",.0,""
"354220195","SUWA£KI","2018","02","18",4.9,"",3.0,"",-4.2,"",3.6,"",80.5,"",1001.1,"",1025.0,"",.1,"",.1,""
"354220195","SUWA£KI","2018","02","19",6.8,"",2.3,"",-2.1,"",4.8,"",91.1,"",1001.0,"",1024.7,"",.0,"",.0,""
"354220195","SUWA£KI","2018","02","20",6.1,"",1.4,"",-2.6,"",4.5,"",88.6,"",1001.0,"",1024.8,"",.0,"",.0,""
"354220195","SUWA£KI","2018","02","21",6.8,"",2.6,"",-6.6,"",2.9,"",77.9,"",1001.6,"",1025.7,"",.0,"",.0,""
"354220195","SUWA£KI","2018","02","22",2.5,"",3.3,"",-9.9,"",2.3,"",80.4,"",1004.2,"",1028.7,"",.0,"",.0,""
"354220195","SUWA£KI","2018","02","23",2.9,"",1.5,"",-11.1,"",2.1,"",77.5,"",1002.4,"",1027.0,"",.0,"",3.1,""
"354220195","SUWA£KI","2018","02","24",5.4,"",4.4,"",-11.8,"",1.9,"",76.9,"",1004.0,"",1028.7,"",.0,"",.0,""
"354220195","SUWA£KI","2018","02","25",3.3,"",2.9,"",-15.3,"",1.5,"",78.1,"",1007.0,"",1032.1,"",.0,"",.0,""
"354220195","SUWA£KI","2018","02","26",4.4,"",2.3,"",-15.2,"",1.5,"",76.4,"",1004.6,"",1029.6,"",.0,"",.1,""
"354220195","SUWA£KI","2018","02","27",5.0,"",4.0,"",-14.0,"",1.5,"",72.3,"",1004.0,"",1028.8,"",.0,"",.0,""
"354220195","SUWA£KI","2018","02","28",6.1,"",5.5,"",-14.9,"",1.4,"",72.0,"",1006.5,"",1031.5,"",.0,"",.0,""
