"352190360","P£OCK","2015","01","01",2.9,"",.0,"",1.8,"",-.1,"",.0,"","",0,"8",.0,"8",.0,"8",.0,"8",.0,"8",.0,"8",.0,"8",.0,"8",.0,"8",.0,"8",.0,"8",.0,"8",.0,"8",.0,"8",.0,"8",.0,"8",.0,"8",.0,"8",.0,"8",0,"",0,"8","",0,"8",0,"8",0,"8"
"352190360","P£OCK","2015","01","02",5.5,"",.6,"",3.4,"",-.1,"",2.3,"","",0,"8",.0,"8",.0,"8",.0,"8",.0,"8",.0,"8",.0,"8",.0,"8",.0,"8",.0,"8",.0,"8",.0,"8",.0,"8",.0,"8",.0,"8",.0,"8",.0,"8",.0,"8",.0,"8",0,"",0,"8","",0,"8",0,"8",0,"8"
"352190360","P£OCK","2015","01","03",5.4,"",1.6,"",3.4,"",.5,"",1.2,"","",0,"8",.0,"8",.0,"8",.0,"8",.0,"8",.0,"8",.0,"8",.0,"8",.0,"8",.0,"8",.0,"8",.0,"8",.0,"8",.0,"8",.0,"8",.0,"8",.0,"8",.0,"8",.0,"8",0,"",0,"8","",0,"8",0,"8",0,"8"
"352190360","P£OCK","2015","01","04",3.5,"",1.1,"",2.1,"",.3,"",.0,"","",0,"8",.0,"8",.0,"8",.0,"8",.0,"8",.0,"8",.0,"8",.0,"8",.0,"8",.0,"8",.0,"8",.0,"8",.0,"8",.0,"8",.0,"8",.0,"8",.0,"8",.0,"8",.0,"8",0,"",0,"8","",0,"8",0,"8",0,"8"
"352190360","P£OCK","2015","01","05",1.9,"",-1.0,"",.2,"",-2.1,"",.0,"","",0,"8",.0,"8",.0,"8",.0,"8",.0,"8",.0,"8",.0,"8",.0,"8",.0,"8",.0,"8",.0,"8",.0,"8",.0,"8",.0,"8",.0,"8",.0,"8",.0,"8",.0,"8",.0,"8",0,"",0,"8","",0,"8",0,"8",0,"8"
"352190360","P£OCK","2015","01","06",.6,"",-7.4,"",-5.6,"",-10.0,"",.0,"","",0,"8",.0,"8",.0,"8",.0,"8",.0,"8",.0,"8",.0,"8",.0,"8",.0,"8",.0,"8",.0,"8",.0,"8",.0,"8",.0,"8",.0,"8",.0,"8",.0,"8",.0,"8",.0,"8",0,"",0,"8","",0,"8",0,"8",0,"8"
"352190360","P£OCK","2015","01","07",-3.5,"",-9.9,"",-6.7,"",-10.4,"",.0,"","",0,"8",.0,"8",.0,"8",.0,"8",.0,"8",.0,"8",.0,"8",.0,"8",.0,"8",.0,"8",.0,"8",.0,"8",.0,"8",.0,"8",.0,"8",.0,"8",.0,"8",.0,"8",.0,"8",0,"",0,"8","",0,"8",0,"8",0,"8"
"352190360","P£OCK","2015","01","08",1.5,"",-4.5,"",.0,"",-4.4,"",6.4,"","",0,"8",.0,"8",.0,"8",.0,"8",.0,"8",.0,"8",.0,"8",.0,"8",.0,"8",.0,"8",.0,"8",.0,"8",.0,"8",.0,"8",.0,"8",.0,"8",.0,"8",.0,"8",.0,"8",0,"",0,"8","",0,"8",0,"8",0,"8"
"352190360","P£OCK","2015","01","09",5.9,"",.3,"",3.7,"",.0,"",3.4,"","",0,"8",.0,"8",.0,"8",.0,"8",.0,"8",.0,"8",.0,"8",.0,"8",.0,"8",.0,"8",.0,"8",.0,"8",.0,"8",.0,"8",.0,"8",.0,"8",.0,"8",.0,"8",.0,"8",0,"",0,"8","",0,"8",0,"8",0,"8"
"352190360","P£OCK","2015","01","10",10.7,"",3.7,"",5.9,"",3.1,"",.0,"8","",0,"8",.0,"8",.0,"8",.0,"8",.0,"8",.0,"8",.0,"8",.0,"8",.0,"8",.0,"8",.0,"8",.0,"8",.0,"8",.0,"8",.0,"8",.0,"8",.0,"8",.0,"8",.0,"8",0,"",0,"8","",0,"8",0,"8",0,"8"
"352190360","P£OCK","2015","01","11",.0,"8",.0,"8",.0,"8",.0,"8",.0,"8","",0,"8",.0,"8",.0,"8",.0,"8",.0,"8",.0,"8",.0,"8",.0,"8",.0,"8",.0,"8",.0,"8",.0,"8",.0,"8",.0,"8",.0,"8",.0,"8",.0,"8",.0,"8",.0,"8",0,"",0,"8","",0,"8",0,"8",0,"8"
"352190360","P£OCK","2015","01","12",.0,"8",.0,"8",.0,"8",.0,"8",1.8,"","",0,"8",.0,"8",.0,"8",.0,"8",.0,"8",.0,"8",.0,"8",.0,"8",.0,"8",.0,"8",.0,"8",.0,"8",.0,"8",.0,"8",.0,"8",.0,"8",.0,"8",.0,"8",.0,"8",0,"",0,"8","",0,"8",0,"8",0,"8"
"352190360","P£OCK","2015","01","13",9.5,"",4.6,"",6.8,"",4.0,"",.1,"","",0,"8",.0,"8",.0,"8",.0,"8",.0,"8",.0,"8",.0,"8",.0,"8",.0,"8",.0,"8",.0,"8",.0,"8",.0,"8",.0,"8",.0,"8",.0,"8",.0,"8",.0,"8",.0,"8",0,"",0,"8","",0,"8",0,"8",0,"8"
"352190360","P£OCK","2015","01","14",9.3,"",4.4,"",6.1,"",2.6,"",.3,"","",0,"8",.0,"8",.0,"8",.0,"8",.0,"8",.0,"8",.0,"8",.0,"8",.0,"8",.0,"8",.0,"8",.0,"8",.0,"8",.0,"8",.0,"8",.0,"8",.0,"8",.0,"8",.0,"8",0,"",0,"8","",0,"8",0,"8",0,"8"
"352190360","P£OCK","2015","01","15",4.9,"",.0,"",2.3,"",-3.2,"",.0,"","",0,"8",.0,"8",.0,"8",.0,"8",.0,"8",.0,"8",.0,"8",.0,"8",.0,"8",.0,"8",.0,"8",.0,"8",.0,"8",.0,"8",.0,"8",.0,"8",.0,"8",.0,"8",.0,"8",0,"",0,"8","",0,"8",0,"8",0,"8"
"352190360","P£OCK","2015","01","16",9.9,"",1.2,"",5.6,"",-.3,"",.0,"","",0,"8",.0,"8",.0,"8",.0,"8",.0,"8",.0,"8",.0,"8",.0,"8",.0,"8",.0,"8",.0,"8",.0,"8",.0,"8",.0,"8",.0,"8",.0,"8",.0,"8",.0,"8",.0,"8",0,"",0,"8","",0,"8",0,"8",0,"8"
"352190360","P£OCK","2015","01","17",5.8,"",1.3,"",3.0,"",-1.7,"",.0,"","",0,"8",.0,"8",.0,"8",.0,"8",.0,"8",.0,"8",.0,"8",.0,"8",.0,"8",.0,"8",.0,"8",.0,"8",.0,"8",.0,"8",.0,"8",.0,"8",.0,"8",.0,"8",.0,"8",0,"",0,"8","",0,"8",0,"8",0,"8"
"352190360","P£OCK","2015","01","18",3.9,"",-.1,"",1.4,"",-2.7,"",.0,"","",0,"8",.0,"8",.0,"8",.0,"8",.0,"8",.0,"8",.0,"8",.0,"8",.0,"8",.0,"8",.0,"8",.0,"8",.0,"8",.0,"8",.0,"8",.0,"8",.0,"8",.0,"8",.0,"8",0,"",0,"8","",0,"8",0,"8",0,"8"
"352190360","P£OCK","2015","01","19",1.5,"",-1.8,"",-.8,"",-5.4,"",.1,"","",0,"8",.0,"8",.0,"8",.0,"8",.0,"8",.0,"8",.0,"8",.0,"8",.0,"8",.0,"8",.0,"8",.0,"8",.0,"8",.0,"8",.0,"8",.0,"8",.0,"8",.0,"8",.0,"8",0,"",0,"8","",0,"8",0,"8",0,"8"
"352190360","P£OCK","2015","01","20",.5,"",-.5,"",.0,"",-.5,"",.3,"","",0,"8",.0,"8",.0,"8",.0,"8",.0,"8",.0,"8",.0,"8",.0,"8",.0,"8",.0,"8",.0,"8",.0,"8",.0,"8",.0,"8",.0,"8",.0,"8",.0,"8",.0,"8",.0,"8",0,"",0,"8","",0,"8",0,"8",0,"8"
"352190360","P£OCK","2015","01","21",3.0,"",.3,"",1.4,"",.1,"",.0,"","",0,"8",.0,"8",.0,"8",.0,"8",.0,"8",.0,"8",.0,"8",.0,"8",.0,"8",.0,"8",.0,"8",.0,"8",.0,"8",.0,"8",.0,"8",.0,"8",.0,"8",.0,"8",.0,"8",0,"",0,"8","",0,"8",0,"8",0,"8"
"352190360","P£OCK","2015","01","22",2.2,"",.3,"",.7,"",-.4,"",3.2,"","",0,"8",.0,"8",.0,"8",.0,"8",.0,"8",.0,"8",.0,"8",.0,"8",.0,"8",.0,"8",.0,"8",.0,"8",.0,"8",.0,"8",.0,"8",.0,"8",.0,"8",.0,"8",.0,"8",0,"",0,"8","",0,"8",0,"8",0,"8"
"352190360","P£OCK","2015","01","23",.4,"",-.3,"",-.2,"",-.2,"",.0,"","",0,"8",.0,"8",.0,"8",.0,"8",.0,"8",.0,"8",.0,"8",.0,"8",.0,"8",.0,"8",.0,"8",.0,"8",.0,"8",.0,"8",.0,"8",.0,"8",.0,"8",.0,"8",.0,"8",0,"",0,"8","",0,"8",0,"8",0,"8"
"352190360","P£OCK","2015","01","24",-.1,"",-3.3,"",-1.6,"",-5.5,"",1.7,"","",0,"8",.0,"8",.0,"8",.0,"8",.0,"8",.0,"8",.0,"8",.0,"8",.0,"8",.0,"8",.0,"8",.0,"8",.0,"8",.0,"8",.0,"8",.0,"8",.0,"8",.0,"8",.0,"8",0,"",0,"8","",0,"8",0,"8",0,"8"
"352190360","P£OCK","2015","01","25",-1.1,"",-2.7,"",-2.1,"",-2.7,"",.8,"","",0,"8",.0,"8",.0,"8",.0,"8",.0,"8",.0,"8",.0,"8",.0,"8",.0,"8",.0,"8",.0,"8",.0,"8",.0,"8",.0,"8",.0,"8",.0,"8",.0,"8",.0,"8",.0,"8",0,"",0,"8","",0,"8",0,"8",0,"8"
"352190360","P£OCK","2015","01","26",.3,"",-4.6,"",-.7,"",-5.0,"",.0,"","",0,"8",.0,"8",.0,"8",.0,"8",.0,"8",.0,"8",.0,"8",.0,"8",.0,"8",.0,"8",.0,"8",.0,"8",.0,"8",.0,"8",.0,"8",.0,"8",.0,"8",.0,"8",.0,"8",0,"",0,"8","",0,"8",0,"8",0,"8"
"352190360","P£OCK","2015","01","27",1.5,"",-5.8,"",-1.4,"",-8.6,"",1.0,"","",0,"8",.0,"8",.0,"8",.0,"8",.0,"8",.0,"8",.0,"8",.0,"8",.0,"8",.0,"8",.0,"8",.0,"8",.0,"8",.0,"8",.0,"8",.0,"8",.0,"8",.0,"8",.0,"8",0,"",0,"8","",0,"8",0,"8",0,"8"
"352190360","P£OCK","2015","01","28",1.7,"",.3,"",.9,"",-.3,"",.4,"","",0,"8",.0,"8",.0,"8",.0,"8",.0,"8",.0,"8",.0,"8",.0,"8",.0,"8",.0,"8",.0,"8",.0,"8",.0,"8",.0,"8",.0,"8",.0,"8",.0,"8",.0,"8",.0,"8",0,"",0,"8","",0,"8",0,"8",0,"8"
"352190360","P£OCK","2015","01","29",2.4,"",-.5,"",.5,"",-1.7,"",.6,"","",0,"8",.0,"8",.0,"8",.0,"8",.0,"8",.0,"8",.0,"8",.0,"8",.0,"8",.0,"8",.0,"8",.0,"8",.0,"8",.0,"8",.0,"8",.0,"8",.0,"8",.0,"8",.0,"8",0,"",0,"8","",0,"8",0,"8",0,"8"
"352190360","P£OCK","2015","01","30",2.0,"",-2.4,"",-.3,"",-3.5,"",2.5,"","",0,"8",.0,"8",.0,"8",.0,"8",.0,"8",.0,"8",.0,"8",.0,"8",.0,"8",.0,"8",.0,"8",.0,"8",.0,"8",.0,"8",.0,"8",.0,"8",.0,"8",.0,"8",.0,"8",0,"",0,"8","",0,"8",0,"8",0,"8"
"352190360","P£OCK","2015","01","31",2.0,"",-.5,"",.3,"",-.4,"",.0,"","",0,"8",.0,"8",.0,"8",.0,"8",.0,"8",.0,"8",.0,"8",.0,"8",.0,"8",.0,"8",.0,"8",.0,"8",.0,"8",.0,"8",.0,"8",.0,"8",.0,"8",.0,"8",.0,"8",0,"",0,"8","",0,"8",0,"8",0,"8"
"352190360","P£OCK","2015","02","01",2.7,"",-.6,"",.5,"",-2.8,"",.0,"","",0,"8",.0,"8",.0,"8",.0,"8",.0,"8",.0,"8",.0,"8",.0,"8",.0,"8",.0,"8",.0,"8",.0,"8",.0,"8",.0,"8",.0,"8",.0,"8",.0,"8",.0,"8",.0,"8",0,"",0,"8","",0,"8",0,"8",0,"8"
"352190360","P£OCK","2015","02","02",2.6,"",-2.8,"",-.5,"",-4.8,"",.0,"","",0,"8",.0,"8",.0,"8",.0,"8",.0,"8",.0,"8",.0,"8",.0,"8",.0,"8",.0,"8",.0,"8",.0,"8",.0,"8",.0,"8",.0,"8",.0,"8",.0,"8",.0,"8",.0,"8",0,"",0,"8","",0,"8",0,"8",0,"8"
"352190360","P£OCK","2015","02","03",3.1,"",-2.6,"",.2,"",-4.5,"",.2,"","",0,"8",.0,"8",.0,"8",.0,"8",.0,"8",.0,"8",.0,"8",.0,"8",.0,"8",.0,"8",.0,"8",.0,"8",.0,"8",.0,"8",.0,"8",.0,"8",.0,"8",.0,"8",.0,"8",0,"",0,"8","",0,"8",0,"8",0,"8"
"352190360","P£OCK","2015","02","04",.3,"",-1.6,"",-1.1,"",-4.2,"",.0,"","",0,"8",.0,"8",.0,"8",.0,"8",.0,"8",.0,"8",.0,"8",.0,"8",.0,"8",.0,"8",.0,"8",.0,"8",.0,"8",.0,"8",.0,"8",.0,"8",.0,"8",.0,"8",.0,"8",0,"",0,"8","",0,"8",0,"8",0,"8"
"352190360","P£OCK","2015","02","05",-.8,"",-4.0,"",-2.4,"",-5.1,"",.0,"","",0,"8",.0,"8",.0,"8",.0,"8",.0,"8",.0,"8",.0,"8",.0,"8",.0,"8",.0,"8",.0,"8",.0,"8",.0,"8",.0,"8",.0,"8",.0,"8",.0,"8",.0,"8",.0,"8",0,"",0,"8","",0,"8",0,"8",0,"8"
"352190360","P£OCK","2015","02","06",-1.2,"",-5.6,"",-3.3,"",-7.7,"",.0,"","",0,"8",.0,"8",.0,"8",.0,"8",.0,"8",.0,"8",.0,"8",.0,"8",.0,"8",.0,"8",.0,"8",.0,"8",.0,"8",.0,"8",.0,"8",.0,"8",.0,"8",.0,"8",.0,"8",0,"",0,"8","",0,"8",0,"8",0,"8"
"352190360","P£OCK","2015","02","07",.2,"",-5.1,"",-1.3,"",-7.5,"",1.2,"","",0,"8",.0,"8",.0,"8",.0,"8",.0,"8",.0,"8",.0,"8",.0,"8",.0,"8",.0,"8",.0,"8",.0,"8",.0,"8",.0,"8",.0,"8",.0,"8",.0,"8",.0,"8",.0,"8",0,"",0,"8","",0,"8",0,"8",0,"8"
"352190360","P£OCK","2015","02","08",1.7,"",-2.9,"",-1.6,"",-3.9,"",.2,"","",0,"8",.0,"8",.0,"8",.0,"8",.0,"8",.0,"8",.0,"8",.0,"8",.0,"8",.0,"8",.0,"8",.0,"8",.0,"8",.0,"8",.0,"8",.0,"8",.0,"8",.0,"8",.0,"8",0,"",0,"8","",0,"8",0,"8",0,"8"
"352190360","P£OCK","2015","02","09",2.2,"",-4.9,"",-.2,"",-6.4,"",.9,"","",0,"8",.0,"8",.0,"8",.0,"8",.0,"8",.0,"8",.0,"8",.0,"8",.0,"8",.0,"8",.0,"8",.0,"8",.0,"8",.0,"8",.0,"8",.0,"8",.0,"8",.0,"8",.0,"8",0,"",0,"8","",0,"8",0,"8",0,"8"
"352190360","P£OCK","2015","02","10",2.2,"",.7,"",1.5,"",.5,"",.0,"","",0,"8",.0,"8",.0,"8",.0,"8",.0,"8",.0,"8",.0,"8",.0,"8",.0,"8",.0,"8",.0,"8",.0,"8",.0,"8",.0,"8",.0,"8",.0,"8",.0,"8",.0,"8",.0,"8",0,"",0,"8","",0,"8",0,"8",0,"8"
"352190360","P£OCK","2015","02","11",2.3,"",1.2,"",1.7,"",.7,"",.0,"","",0,"8",.0,"8",.0,"8",.0,"8",.0,"8",.0,"8",.0,"8",.0,"8",.0,"8",.0,"8",.0,"8",.0,"8",.0,"8",.0,"8",.0,"8",.0,"8",.0,"8",.0,"8",.0,"8",0,"",0,"8","",0,"8",0,"8",0,"8"
"352190360","P£OCK","2015","02","12",2.4,"",-.6,"",1.0,"",-4.3,"",.0,"","",0,"8",.0,"8",.0,"8",.0,"8",.0,"8",.0,"8",.0,"8",.0,"8",.0,"8",.0,"8",.0,"8",.0,"8",.0,"8",.0,"8",.0,"8",.0,"8",.0,"8",.0,"8",.0,"8",0,"",0,"8","",0,"8",0,"8",0,"8"
"352190360","P£OCK","2015","02","13",5.0,"",-2.9,"",.7,"",-7.5,"",.0,"","",0,"8",.0,"8",.0,"8",.0,"8",.0,"8",.0,"8",.0,"8",.0,"8",.0,"8",.0,"8",.0,"8",.0,"8",.0,"8",.0,"8",.0,"8",.0,"8",.0,"8",.0,"8",.0,"8",0,"",0,"8","",0,"8",0,"8",0,"8"
"352190360","P£OCK","2015","02","14",6.3,"",-2.3,"",1.5,"",-5.1,"",.0,"","",0,"8",.0,"8",.0,"8",.0,"8",.0,"8",.0,"8",.0,"8",.0,"8",.0,"8",.0,"8",.0,"8",.0,"8",.0,"8",.0,"8",.0,"8",.0,"8",.0,"8",.0,"8",.0,"8",0,"",0,"8","",0,"8",0,"8",0,"8"
"352190360","P£OCK","2015","02","15",2.5,"",-1.7,"",-.7,"",-5.4,"",.0,"","",0,"8",.0,"8",.0,"8",.0,"8",.0,"8",.0,"8",.0,"8",.0,"8",.0,"8",.0,"8",.0,"8",.0,"8",.0,"8",.0,"8",.0,"8",.0,"8",.0,"8",.0,"8",.0,"8",0,"",0,"8","",0,"8",0,"8",0,"8"
"352190360","P£OCK","2015","02","16",1.2,"",-1.7,"",-.5,"",-2.4,"",.0,"","",0,"8",.0,"8",.0,"8",.0,"8",.0,"8",.0,"8",.0,"8",.0,"8",.0,"8",.0,"8",.0,"8",.0,"8",.0,"8",.0,"8",.0,"8",.0,"8",.0,"8",.0,"8",.0,"8",0,"",0,"8","",0,"8",0,"8",0,"8"
"352190360","P£OCK","2015","02","17",2.8,"",-5.4,"",-1.7,"",-6.3,"",.0,"","",0,"8",.0,"8",.0,"8",.0,"8",.0,"8",.0,"8",.0,"8",.0,"8",.0,"8",.0,"8",.0,"8",.0,"8",.0,"8",.0,"8",.0,"8",.0,"8",.0,"8",.0,"8",.0,"8",0,"",0,"8","",0,"8",0,"8",0,"8"
"352190360","P£OCK","2015","02","18",2.6,"",-4.8,"",-.6,"",-8.5,"",.4,"","",0,"8",.0,"8",.0,"8",.0,"8",.0,"8",.0,"8",.0,"8",.0,"8",.0,"8",.0,"8",.0,"8",.0,"8",.0,"8",.0,"8",.0,"8",.0,"8",.0,"8",.0,"8",.0,"8",0,"",0,"8","",0,"8",0,"8",0,"8"
"352190360","P£OCK","2015","02","19",4.9,"",.0,"",2.4,"",-.9,"",.1,"","",0,"8",.0,"8",.0,"8",.0,"8",.0,"8",.0,"8",.0,"8",.0,"8",.0,"8",.0,"8",.0,"8",.0,"8",.0,"8",.0,"8",.0,"8",.0,"8",.0,"8",.0,"8",.0,"8",0,"",0,"8","",0,"8",0,"8",0,"8"
"352190360","P£OCK","2015","02","20",5.7,"",-.7,"",2.3,"",-3.7,"",.0,"","",0,"8",.0,"8",.0,"8",.0,"8",.0,"8",.0,"8",.0,"8",.0,"8",.0,"8",.0,"8",.0,"8",.0,"8",.0,"8",.0,"8",.0,"8",.0,"8",.0,"8",.0,"8",.0,"8",0,"",0,"8","",0,"8",0,"8",0,"8"
"352190360","P£OCK","2015","02","21",7.3,"",-1.1,"",2.4,"",-3.1,"",.0,"","",0,"8",.0,"8",.0,"8",.0,"8",.0,"8",.0,"8",.0,"8",.0,"8",.0,"8",.0,"8",.0,"8",.0,"8",.0,"8",.0,"8",.0,"8",.0,"8",.0,"8",.0,"8",.0,"8",0,"",0,"8","",0,"8",0,"8",0,"8"
"352190360","P£OCK","2015","02","22",6.0,"",-.2,"",2.4,"",-3.4,"",.0,"","",0,"8",.0,"8",.0,"8",.0,"8",.0,"8",.0,"8",.0,"8",.0,"8",.0,"8",.0,"8",.0,"8",.0,"8",.0,"8",.0,"8",.0,"8",.0,"8",.0,"8",.0,"8",.0,"8",0,"",0,"8","",0,"8",0,"8",0,"8"
"352190360","P£OCK","2015","02","23",7.1,"",.5,"",3.2,"",.0,"",.0,"","",0,"8",.0,"8",.0,"8",.0,"8",.0,"8",.0,"8",.0,"8",.0,"8",.0,"8",.0,"8",.0,"8",.0,"8",.0,"8",.0,"8",.0,"8",.0,"8",.0,"8",.0,"8",.0,"8",0,"",0,"8","",0,"8",0,"8",0,"8"
"352190360","P£OCK","2015","02","24",5.7,"",2.9,"",3.7,"",.7,"",.0,"","",0,"8",.0,"8",.0,"8",.0,"8",.0,"8",.0,"8",.0,"8",.0,"8",.0,"8",.0,"8",.0,"8",.0,"8",.0,"8",.0,"8",.0,"8",.0,"8",.0,"8",.0,"8",.0,"8",0,"",0,"8","",0,"8",0,"8",0,"8"
"352190360","P£OCK","2015","02","25",8.1,"",-.5,"",3.4,"",-3.5,"",.0,"","",0,"8",.0,"8",.0,"8",.0,"8",.0,"8",.0,"8",.0,"8",.0,"8",.0,"8",.0,"8",.0,"8",.0,"8",.0,"8",.0,"8",.0,"8",.0,"8",.0,"8",.0,"8",.0,"8",0,"",0,"8","",0,"8",0,"8",0,"8"
"352190360","P£OCK","2015","02","26",7.5,"",3.3,"",4.7,"",2.7,"",.0,"","",0,"8",.0,"8",.0,"8",.0,"8",.0,"8",.0,"8",.0,"8",.0,"8",.0,"8",.0,"8",.0,"8",.0,"8",.0,"8",.0,"8",.0,"8",.0,"8",.0,"8",.0,"8",.0,"8",0,"",0,"8","",0,"8",0,"8",0,"8"
"352190360","P£OCK","2015","02","27",6.7,"",3.5,"",4.8,"",3.3,"",.0,"","",0,"8",.0,"8",.0,"8",.0,"8",.0,"8",.0,"8",.0,"8",.0,"8",.0,"8",.0,"8",.0,"8",.0,"8",.0,"8",.0,"8",.0,"8",.0,"8",.0,"8",.0,"8",.0,"8",0,"",0,"8","",0,"8",0,"8",0,"8"
"352190360","P£OCK","2015","02","28",8.6,"",3.2,"",4.4,"",2.0,"",.0,"","",0,"8",.0,"8",.0,"8",.0,"8",.0,"8",.0,"8",.0,"8",.0,"8",.0,"8",.0,"8",.0,"8",.0,"8",.0,"8",.0,"8",.0,"8",.0,"8",.0,"8",.0,"8",.0,"8",0,"",0,"8","",0,"8",0,"8",0,"8"
"352190360","P£OCK","2015","03","01",8.5,"",-1.3,"",3.6,"",-5.4,"",.0,"","",0,"8",.0,"8",.0,"8",.0,"8",.0,"8",.0,"8",.0,"8",.0,"8",.0,"8",.0,"8",.0,"8",.0,"8",.0,"8",.0,"8",.0,"8",.0,"8",.0,"8",.0,"8",.0,"8",0,"",0,"8","",0,"8",0,"8",0,"8"
"352190360","P£OCK","2015","03","02",6.8,"",2.5,"",4.4,"",.5,"",3.2,"","",0,"8",.0,"8",.0,"8",.0,"8",.0,"8",.0,"8",.0,"8",.0,"8",.0,"8",.0,"8",.0,"8",.0,"8",.0,"8",.0,"8",.0,"8",.0,"8",.0,"8",.0,"8",.0,"8",0,"",0,"8","",0,"8",0,"8",0,"8"
"352190360","P£OCK","2015","03","03",4.5,"",.7,"",2.1,"",-.7,"",.8,"","",0,"8",.0,"8",.0,"8",.0,"8",.0,"8",.0,"8",.0,"8",.0,"8",.0,"8",.0,"8",.0,"8",.0,"8",.0,"8",.0,"8",.0,"8",.0,"8",.0,"8",.0,"8",.0,"8",0,"",0,"8","",0,"8",0,"8",0,"8"
"352190360","P£OCK","2015","03","04",4.7,"",.4,"",2.0,"",-1.1,"",1.9,"","",0,"8",.0,"8",.0,"8",.0,"8",.0,"8",.0,"8",.0,"8",.0,"8",.0,"8",.0,"8",.0,"8",.0,"8",.0,"8",.0,"8",.0,"8",.0,"8",.0,"8",.0,"8",.0,"8",0,"",0,"8","",0,"8",0,"8",0,"8"
"352190360","P£OCK","2015","03","05",4.4,"",.2,"",1.2,"",-.9,"",.1,"","",0,"8",.0,"8",.0,"8",.0,"8",.0,"8",.0,"8",.0,"8",.0,"8",.0,"8",.0,"8",.0,"8",.0,"8",.0,"8",.0,"8",.0,"8",.0,"8",.0,"8",.0,"8",.0,"8",0,"",0,"8","",0,"8",0,"8",0,"8"
"352190360","P£OCK","2015","03","06",4.9,"",-3.4,"",.6,"",-5.3,"",.0,"","",0,"8",.0,"8",.0,"8",.0,"8",.0,"8",.0,"8",.0,"8",.0,"8",.0,"8",.0,"8",.0,"8",.0,"8",.0,"8",.0,"8",.0,"8",.0,"8",.0,"8",.0,"8",.0,"8",0,"",0,"8","",0,"8",0,"8",0,"8"
"352190360","P£OCK","2015","03","07",8.3,"",3.1,"",5.3,"",1.5,"",.0,"","",0,"8",.0,"8",.0,"8",.0,"8",.0,"8",.0,"8",.0,"8",.0,"8",.0,"8",.0,"8",.0,"8",.0,"8",.0,"8",.0,"8",.0,"8",.0,"8",.0,"8",.0,"8",.0,"8",0,"",0,"8","",0,"8",0,"8",0,"8"
"352190360","P£OCK","2015","03","08",12.9,"",4.8,"",8.4,"",2.9,"",.0,"","",0,"8",.0,"8",.0,"8",.0,"8",.0,"8",.0,"8",.0,"8",.0,"8",.0,"8",.0,"8",.0,"8",.0,"8",.0,"8",.0,"8",.0,"8",.0,"8",.0,"8",.0,"8",.0,"8",0,"",0,"8","",0,"8",0,"8",0,"8"
"352190360","P£OCK","2015","03","09",11.4,"",5.2,"",7.2,"",1.0,"",.0,"","",0,"8",.0,"8",.0,"8",.0,"8",.0,"8",.0,"8",.0,"8",.0,"8",.0,"8",.0,"8",.0,"8",.0,"8",.0,"8",.0,"8",.0,"8",.0,"8",.0,"8",.0,"8",.0,"8",0,"",0,"8","",0,"8",0,"8",0,"8"
"352190360","P£OCK","2015","03","10",13.5,"",.3,"",6.5,"",-3.9,"",.1,"","",0,"8",.0,"8",.0,"8",.0,"8",.0,"8",.0,"8",.0,"8",.0,"8",.0,"8",.0,"8",.0,"8",.0,"8",.0,"8",.0,"8",.0,"8",.0,"8",.0,"8",.0,"8",.0,"8",0,"",0,"8","",0,"8",0,"8",0,"8"
"352190360","P£OCK","2015","03","11",7.9,"",3.6,"",5.4,"",-.9,"",.0,"","",0,"8",.0,"8",.0,"8",.0,"8",.0,"8",.0,"8",.0,"8",.0,"8",.0,"8",.0,"8",.0,"8",.0,"8",.0,"8",.0,"8",.0,"8",.0,"8",.0,"8",.0,"8",.0,"8",0,"",0,"8","",0,"8",0,"8",0,"8"
"352190360","P£OCK","2015","03","12",7.7,"",.0,"",3.8,"",-2.3,"",.0,"","",0,"8",.0,"8",.0,"8",.0,"8",.0,"8",.0,"8",.0,"8",.0,"8",.0,"8",.0,"8",.0,"8",.0,"8",.0,"8",.0,"8",.0,"8",.0,"8",.0,"8",.0,"8",.0,"8",0,"",0,"8","",0,"8",0,"8",0,"8"
"352190360","P£OCK","2015","03","13",4.8,"",1.6,"",2.8,"",1.6,"",.3,"","",0,"8",.0,"8",.0,"8",.0,"8",.0,"8",.0,"8",.0,"8",.0,"8",.0,"8",.0,"8",.0,"8",.0,"8",.0,"8",.0,"8",.0,"8",.0,"8",.0,"8",.0,"8",.0,"8",0,"",0,"8","",0,"8",0,"8",0,"8"
"352190360","P£OCK","2015","03","14",5.5,"",1.8,"",4.3,"",1.3,"",.1,"","",0,"8",.0,"8",.0,"8",.0,"8",.0,"8",.0,"8",.0,"8",.0,"8",.0,"8",.0,"8",.0,"8",.0,"8",.0,"8",.0,"8",.0,"8",.0,"8",.0,"8",.0,"8",.0,"8",0,"",0,"8","",0,"8",0,"8",0,"8"
"352190360","P£OCK","2015","03","15",8.7,"",3.7,"",6.0,"",3.1,"",.0,"","",0,"8",.0,"8",.0,"8",.0,"8",.0,"8",.0,"8",.0,"8",.0,"8",.0,"8",.0,"8",.0,"8",.0,"8",.0,"8",.0,"8",.0,"8",.0,"8",.0,"8",.0,"8",.0,"8",0,"",0,"8","",0,"8",0,"8",0,"8"
"352190360","P£OCK","2015","03","16",11.1,"",4.0,"",7.0,"",2.9,"",.0,"","",0,"8",.0,"8",.0,"8",.0,"8",.0,"8",.0,"8",.0,"8",.0,"8",.0,"8",.0,"8",.0,"8",.0,"8",.0,"8",.0,"8",.0,"8",.0,"8",.0,"8",.0,"8",.0,"8",0,"",0,"8","",0,"8",0,"8",0,"8"
"352190360","P£OCK","2015","03","17",13.4,"",2.1,"",7.1,"",1.0,"",.0,"","",0,"8",.0,"8",.0,"8",.0,"8",.0,"8",.0,"8",.0,"8",.0,"8",.0,"8",.0,"8",.0,"8",.0,"8",.0,"8",.0,"8",.0,"8",.0,"8",.0,"8",.0,"8",.0,"8",0,"",0,"8","",0,"8",0,"8",0,"8"
"352190360","P£OCK","2015","03","18",11.4,"",-.8,"",4.7,"",-4.9,"",.0,"","",0,"8",.0,"8",.0,"8",.0,"8",.0,"8",.0,"8",.0,"8",.0,"8",.0,"8",.0,"8",.0,"8",.0,"8",.0,"8",.0,"8",.0,"8",.0,"8",.0,"8",.0,"8",.0,"8",0,"",0,"8","",0,"8",0,"8",0,"8"
"352190360","P£OCK","2015","03","19",9.9,"",-2.5,"",3.5,"",-6.8,"",.0,"","",0,"8",.0,"8",.0,"8",.0,"8",.0,"8",.0,"8",.0,"8",.0,"8",.0,"8",.0,"8",.0,"8",.0,"8",.0,"8",.0,"8",.0,"8",.0,"8",.0,"8",.0,"8",.0,"8",0,"",0,"8","",0,"8",0,"8",0,"8"
"352190360","P£OCK","2015","03","20",11.1,"",-3.1,"",4.3,"",-7.0,"",.0,"","",0,"8",.0,"8",.0,"8",.0,"8",.0,"8",.0,"8",.0,"8",.0,"8",.0,"8",.0,"8",.0,"8",.0,"8",.0,"8",.0,"8",.0,"8",.0,"8",.0,"8",.0,"8",.0,"8",0,"",0,"8","",0,"8",0,"8",0,"8"
"352190360","P£OCK","2015","03","21",13.0,"",2.7,"",7.0,"",.6,"",.3,"","",0,"8",.0,"8",.0,"8",.0,"8",.0,"8",.0,"8",.0,"8",.0,"8",.0,"8",.0,"8",.0,"8",.0,"8",.0,"8",.0,"8",.0,"8",.0,"8",.0,"8",.0,"8",.0,"8",0,"",0,"8","",0,"8",0,"8",0,"8"
"352190360","P£OCK","2015","03","22",8.1,"",-3.2,"",-.6,"",-5.8,"",.0,"","",0,"8",.0,"8",.0,"8",.0,"8",.0,"8",.0,"8",.0,"8",.0,"8",.0,"8",.0,"8",.0,"8",.0,"8",.0,"8",.0,"8",.0,"8",.0,"8",.0,"8",.0,"8",.0,"8",0,"",0,"8","",0,"8",0,"8",0,"8"
"352190360","P£OCK","2015","03","23",8.4,"",-4.7,"",2.1,"",-8.9,"",.0,"","",0,"8",.0,"8",.0,"8",.0,"8",.0,"8",.0,"8",.0,"8",.0,"8",.0,"8",.0,"8",.0,"8",.0,"8",.0,"8",.0,"8",.0,"8",.0,"8",.0,"8",.0,"8",.0,"8",0,"",0,"8","",0,"8",0,"8",0,"8"
"352190360","P£OCK","2015","03","24",15.2,"",-1.9,"",6.9,"",-6.6,"",.0,"","",0,"8",.0,"8",.0,"8",.0,"8",.0,"8",.0,"8",.0,"8",.0,"8",.0,"8",.0,"8",.0,"8",.0,"8",.0,"8",.0,"8",.0,"8",.0,"8",.0,"8",.0,"8",.0,"8",0,"",0,"8","",0,"8",0,"8",0,"8"
"352190360","P£OCK","2015","03","25",16.1,"",.0,"",9.0,"",-3.6,"",.0,"","",0,"8",.0,"8",.0,"8",.0,"8",.0,"8",.0,"8",.0,"8",.0,"8",.0,"8",.0,"8",.0,"8",.0,"8",.0,"8",.0,"8",.0,"8",.0,"8",.0,"8",.0,"8",.0,"8",0,"",0,"8","",0,"8",0,"8",0,"8"
"352190360","P£OCK","2015","03","26",15.5,"",8.4,"",10.7,"",7.0,"",3.8,"","",0,"8",.0,"8",.0,"8",.0,"8",.0,"8",.0,"8",.0,"8",.0,"8",.0,"8",.0,"8",.0,"8",.0,"8",.0,"8",.0,"8",.0,"8",.0,"8",.0,"8",.0,"8",.0,"8",0,"",0,"8","",0,"8",0,"8",0,"8"
"352190360","P£OCK","2015","03","27",11.1,"",5.8,"",7.3,"",5.3,"",.2,"","",0,"8",.0,"8",.0,"8",.0,"8",.0,"8",.0,"8",.0,"8",.0,"8",.0,"8",.0,"8",.0,"8",.0,"8",.0,"8",.0,"8",.0,"8",.0,"8",.0,"8",.0,"8",.0,"8",0,"",0,"8","",0,"8",0,"8",0,"8"
"352190360","P£OCK","2015","03","28",8.9,"",2.8,"",5.3,"",.6,"",.5,"","",0,"8",.0,"8",.0,"8",.0,"8",.0,"8",.0,"8",.0,"8",.0,"8",.0,"8",.0,"8",.0,"8",.0,"8",.0,"8",.0,"8",.0,"8",.0,"8",.0,"8",.0,"8",.0,"8",0,"",0,"8","",0,"8",0,"8",0,"8"
"352190360","P£OCK","2015","03","29",10.4,"",-.5,"",5.8,"",-3.2,"",5.0,"","",0,"8",.0,"8",.0,"8",.0,"8",.0,"8",.0,"8",.0,"8",.0,"8",.0,"8",.0,"8",.0,"8",.0,"8",.0,"8",.0,"8",.0,"8",.0,"8",.0,"8",.0,"8",.0,"8",0,"",0,"8","",0,"8",0,"8",0,"8"
"352190360","P£OCK","2015","03","30",10.4,"",4.9,"",7.1,"",3.9,"",1.4,"","",0,"8",.0,"8",.0,"8",.0,"8",.0,"8",.0,"8",.0,"8",.0,"8",.0,"8",.0,"8",.0,"8",.0,"8",.0,"8",.0,"8",.0,"8",.0,"8",.0,"8",.0,"8",.0,"8",0,"",0,"8","",0,"8",0,"8",0,"8"
"352190360","P£OCK","2015","03","31",6.4,"",1.3,"",4.2,"",.8,"",11.9,"","",0,"8",.0,"8",.0,"8",.0,"8",.0,"8",.0,"8",.0,"8",.0,"8",.0,"8",.0,"8",.0,"8",.0,"8",.0,"8",.0,"8",.0,"8",.0,"8",.0,"8",.0,"8",.0,"8",0,"",0,"8","",0,"8",0,"8",0,"8"
"352190360","P£OCK","2015","04","01",7.2,"",2.3,"",3.9,"",1.7,"",2.0,"","",0,"8",.0,"8",.0,"8",.0,"8",.0,"8",.0,"8",.0,"8",.0,"8",.0,"8",.0,"8",.0,"8",.0,"8",.0,"8",.0,"8",.0,"8",.0,"8",.0,"8",.0,"8",.0,"8",0,"",0,"8","",0,"8",0,"8",0,"8"
"352190360","P£OCK","2015","04","02",5.0,"",1.5,"",2.4,"",.9,"",.1,"","",0,"8",.0,"8",.0,"8",.0,"8",.0,"8",.0,"8",.0,"8",.0,"8",.0,"8",.0,"8",.0,"8",.0,"8",.0,"8",.0,"8",.0,"8",.0,"8",.0,"8",.0,"8",.0,"8",0,"",0,"8","",0,"8",0,"8",0,"8"
"352190360","P£OCK","2015","04","03",7.1,"",.0,"",2.5,"",-1.0,"",3.0,"","",0,"8",.0,"8",.0,"8",.0,"8",.0,"8",.0,"8",.0,"8",.0,"8",.0,"8",.0,"8",.0,"8",.0,"8",.0,"8",.0,"8",.0,"8",.0,"8",.0,"8",.0,"8",.0,"8",0,"",0,"8","",0,"8",0,"8",0,"8"
"352190360","P£OCK","2015","04","04",7.5,"",-.5,"",2.3,"",-1.2,"",1.6,"","",0,"8",.0,"8",.0,"8",.0,"8",.0,"8",.0,"8",.0,"8",.0,"8",.0,"8",.0,"8",.0,"8",.0,"8",.0,"8",.0,"8",.0,"8",.0,"8",.0,"8",.0,"8",.0,"8",0,"",0,"8","",0,"8",0,"8",0,"8"
"352190360","P£OCK","2015","04","05",6.3,"",-.3,"",2.3,"",-1.1,"",.5,"","",0,"8",.0,"8",.0,"8",.0,"8",.0,"8",.0,"8",.0,"8",.0,"8",.0,"8",.0,"8",.0,"8",.0,"8",.0,"8",.0,"8",.0,"8",.0,"8",.0,"8",.0,"8",.0,"8",0,"",0,"8","",0,"8",0,"8",0,"8"
"352190360","P£OCK","2015","04","06",6.2,"",.3,"",3.0,"",.1,"",.1,"","",0,"8",.0,"8",.0,"8",.0,"8",.0,"8",.0,"8",.0,"8",.0,"8",.0,"8",.0,"8",.0,"8",.0,"8",.0,"8",.0,"8",.0,"8",.0,"8",.0,"8",.0,"8",.0,"8",0,"",0,"8","",0,"8",0,"8",0,"8"
"352190360","P£OCK","2015","04","07",8.3,"",-.2,"",4.0,"",-1.4,"",.0,"","",0,"8",.0,"8",.0,"8",.0,"8",.0,"8",.0,"8",.0,"8",.0,"8",.0,"8",.0,"8",.0,"8",.0,"8",.0,"8",.0,"8",.0,"8",.0,"8",.0,"8",.0,"8",.0,"8",0,"",0,"8","",0,"8",0,"8",0,"8"
"352190360","P£OCK","2015","04","08",12.0,"",4.9,"",7.5,"",4.1,"",.0,"","",0,"8",.0,"8",.0,"8",.0,"8",.0,"8",.0,"8",.0,"8",.0,"8",.0,"8",.0,"8",.0,"8",.0,"8",.0,"8",.0,"8",.0,"8",.0,"8",.0,"8",.0,"8",.0,"8",0,"",0,"8","",0,"8",0,"8",0,"8"
"352190360","P£OCK","2015","04","09",13.6,"",-1.7,"",6.5,"",-5.5,"",.0,"","",0,"8",.0,"8",.0,"8",.0,"8",.0,"8",.0,"8",.0,"8",.0,"8",.0,"8",.0,"8",.0,"8",.0,"8",.0,"8",.0,"8",.0,"8",.0,"8",.0,"8",.0,"8",.0,"8",0,"",0,"8","",0,"8",0,"8",0,"8"
"352190360","P£OCK","2015","04","10",18.5,"",.9,"",9.9,"",-2.2,"",.0,"","",0,"8",.0,"8",.0,"8",.0,"8",.0,"8",.0,"8",.0,"8",.0,"8",.0,"8",.0,"8",.0,"8",.0,"8",.0,"8",.0,"8",.0,"8",.0,"8",.0,"8",.0,"8",.0,"8",0,"",0,"8","",0,"8",0,"8",0,"8"
"352190360","P£OCK","2015","04","11",20.5,"",4.6,"",12.6,"",.3,"",.0,"","",0,"8",.0,"8",.0,"8",.0,"8",.0,"8",.0,"8",.0,"8",.0,"8",.0,"8",.0,"8",.0,"8",.0,"8",.0,"8",.0,"8",.0,"8",.0,"8",.0,"8",.0,"8",.0,"8",0,"",0,"8","",0,"8",0,"8",0,"8"
"352190360","P£OCK","2015","04","12",14.6,"",8.5,"",11.2,"",4.8,"",.0,"","",0,"8",.0,"8",.0,"8",.0,"8",.0,"8",.0,"8",.0,"8",.0,"8",.0,"8",.0,"8",.0,"8",.0,"8",.0,"8",.0,"8",.0,"8",.0,"8",.0,"8",.0,"8",.0,"8",0,"",0,"8","",0,"8",0,"8",0,"8"
"352190360","P£OCK","2015","04","13",12.1,"",4.5,"",7.3,"",.6,"",.7,"","",0,"8",.0,"8",.0,"8",.0,"8",.0,"8",.0,"8",.0,"8",.0,"8",.0,"8",.0,"8",.0,"8",.0,"8",.0,"8",.0,"8",.0,"8",.0,"8",.0,"8",.0,"8",.0,"8",0,"",0,"8","",0,"8",0,"8",0,"8"
"352190360","P£OCK","2015","04","14",9.7,"",2.8,"",6.3,"",1.9,"",1.0,"","",0,"8",.0,"8",.0,"8",.0,"8",.0,"8",.0,"8",.0,"8",.0,"8",.0,"8",.0,"8",.0,"8",.0,"8",.0,"8",.0,"8",.0,"8",.0,"8",.0,"8",.0,"8",.0,"8",0,"",0,"8","",0,"8",0,"8",0,"8"
"352190360","P£OCK","2015","04","15",16.2,"",6.4,"",11.5,"",6.1,"",.0,"","",0,"8",.0,"8",.0,"8",.0,"8",.0,"8",.0,"8",.0,"8",.0,"8",.0,"8",.0,"8",.0,"8",.0,"8",.0,"8",.0,"8",.0,"8",.0,"8",.0,"8",.0,"8",.0,"8",0,"",0,"8","",0,"8",0,"8",0,"8"
"352190360","P£OCK","2015","04","16",14.8,"",8.5,"",10.6,"",6.0,"",.0,"","",0,"8",.0,"8",.0,"8",.0,"8",.0,"8",.0,"8",.0,"8",.0,"8",.0,"8",.0,"8",.0,"8",.0,"8",.0,"8",.0,"8",.0,"8",.0,"8",.0,"8",.0,"8",.0,"8",0,"",0,"8","",0,"8",0,"8",0,"8"
"352190360","P£OCK","2015","04","17",11.6,"",2.8,"",6.3,"",-1.5,"",.0,"","",0,"8",.0,"8",.0,"8",.0,"8",.0,"8",.0,"8",.0,"8",.0,"8",.0,"8",.0,"8",.0,"8",.0,"8",.0,"8",.0,"8",.0,"8",.0,"8",.0,"8",.0,"8",.0,"8",0,"",0,"8","",0,"8",0,"8",0,"8"
"352190360","P£OCK","2015","04","18",8.8,"",.3,"",4.5,"",-1.0,"",.4,"","",0,"8",.0,"8",.0,"8",.0,"8",.0,"8",.0,"8",.0,"8",.0,"8",.0,"8",.0,"8",.0,"8",.0,"8",.0,"8",.0,"8",.0,"8",.0,"8",.0,"8",.0,"8",.0,"8",0,"",0,"8","",0,"8",0,"8",0,"8"
"352190360","P£OCK","2015","04","19",10.0,"",2.2,"",5.7,"",.9,"",.0,"","",0,"8",.0,"8",.0,"8",.0,"8",.0,"8",.0,"8",.0,"8",.0,"8",.0,"8",.0,"8",.0,"8",.0,"8",.0,"8",.0,"8",.0,"8",.0,"8",.0,"8",.0,"8",.0,"8",0,"",0,"8","",0,"8",0,"8",0,"8"
"352190360","P£OCK","2015","04","20",12.6,"",3.9,"",7.3,"",3.1,"",.0,"","",0,"8",.0,"8",.0,"8",.0,"8",.0,"8",.0,"8",.0,"8",.0,"8",.0,"8",.0,"8",.0,"8",.0,"8",.0,"8",.0,"8",.0,"8",.0,"8",.0,"8",.0,"8",.0,"8",0,"",0,"8","",0,"8",0,"8",0,"8"
"352190360","P£OCK","2015","04","21",16.9,"",.8,"",8.4,"",-.8,"",.0,"","",0,"8",.0,"8",.0,"8",.0,"8",.0,"8",.0,"8",.0,"8",.0,"8",.0,"8",.0,"8",.0,"8",.0,"8",.0,"8",.0,"8",.0,"8",.0,"8",.0,"8",.0,"8",.0,"8",0,"",0,"8","",0,"8",0,"8",0,"8"
"352190360","P£OCK","2015","04","22",15.5,"",-.2,"",8.0,"",-4.0,"",.0,"","",0,"8",.0,"8",.0,"8",.0,"8",.0,"8",.0,"8",.0,"8",.0,"8",.0,"8",.0,"8",.0,"8",.0,"8",.0,"8",.0,"8",.0,"8",.0,"8",.0,"8",.0,"8",.0,"8",0,"",0,"8","",0,"8",0,"8",0,"8"
"352190360","P£OCK","2015","04","23",18.7,"",3.2,"",12.1,"",-2.4,"",.0,"","",0,"8",.0,"8",.0,"8",.0,"8",.0,"8",.0,"8",.0,"8",.0,"8",.0,"8",.0,"8",.0,"8",.0,"8",.0,"8",.0,"8",.0,"8",.0,"8",.0,"8",.0,"8",.0,"8",0,"",0,"8","",0,"8",0,"8",0,"8"
"352190360","P£OCK","2015","04","24",18.6,"",6.3,"",12.7,"",1.0,"",.0,"","",0,"8",.0,"8",.0,"8",.0,"8",.0,"8",.0,"8",.0,"8",.0,"8",.0,"8",.0,"8",.0,"8",.0,"8",.0,"8",.0,"8",.0,"8",.0,"8",.0,"8",.0,"8",.0,"8",0,"",0,"8","",0,"8",0,"8",0,"8"
"352190360","P£OCK","2015","04","25",22.6,"",6.6,"",15.2,"",2.3,"",.0,"","",0,"8",.0,"8",.0,"8",.0,"8",.0,"8",.0,"8",.0,"8",.0,"8",.0,"8",.0,"8",.0,"8",.0,"8",.0,"8",.0,"8",.0,"8",.0,"8",.0,"8",.0,"8",.0,"8",0,"",0,"8","",0,"8",0,"8",0,"8"
"352190360","P£OCK","2015","04","26",18.5,"",12.7,"",14.2,"",9.2,"",4.8,"","",0,"8",.0,"8",.0,"8",.0,"8",.0,"8",.0,"8",.0,"8",.0,"8",.0,"8",.0,"8",.0,"8",.0,"8",.0,"8",.0,"8",.0,"8",.0,"8",.0,"8",.0,"8",.0,"8",0,"",0,"8","",0,"8",0,"8",0,"8"
"352190360","P£OCK","2015","04","27",22.9,"",7.2,"",15.8,"",3.9,"",.4,"","",0,"8",.0,"8",.0,"8",.0,"8",.0,"8",.0,"8",.0,"8",.0,"8",.0,"8",.0,"8",.0,"8",.0,"8",.0,"8",.0,"8",.0,"8",.0,"8",.0,"8",.0,"8",.0,"8",0,"",0,"8","",0,"8",0,"8",0,"8"
"352190360","P£OCK","2015","04","28",18.9,"",8.6,"",12.6,"",8.1,"",9.3,"","",0,"8",.0,"8",.0,"8",.0,"8",.0,"8",.0,"8",.0,"8",.0,"8",.0,"8",.0,"8",.0,"8",.0,"8",.0,"8",.0,"8",.0,"8",.0,"8",.0,"8",.0,"8",.0,"8",0,"",0,"8","",0,"8",0,"8",0,"8"
"352190360","P£OCK","2015","04","29",11.9,"",3.6,"",7.3,"",3.3,"",.0,"","",0,"8",.0,"8",.0,"8",.0,"8",.0,"8",.0,"8",.0,"8",.0,"8",.0,"8",.0,"8",.0,"8",.0,"8",.0,"8",.0,"8",.0,"8",.0,"8",.0,"8",.0,"8",.0,"8",0,"",0,"8","",0,"8",0,"8",0,"8"
"352190360","P£OCK","2015","04","30",14.0,"",1.5,"",8.9,"",-1.5,"",.0,"","",0,"8",.0,"8",.0,"8",.0,"8",.0,"8",.0,"8",.0,"8",.0,"8",.0,"8",.0,"8",.0,"8",.0,"8",.0,"8",.0,"8",.0,"8",.0,"8",.0,"8",.0,"8",.0,"8",0,"",0,"8","",0,"8",0,"8",0,"8"
"352190360","P£OCK","2015","05","01",14.4,"",5.5,"",9.9,"",1.9,"",.0,"","",0,"8",.0,"8",4.5,"",.0,"8",.0,"8",.0,"8",.0,"8",.0,"8",.0,"8",.0,"8",.0,"8",.0,"8",.0,"8",.0,"8",.0,"8",.0,"8",.0,"8",.0,"8",.0,"8",0,"",0,"8","R",0,"9",0,"9",0,"8"
"352190360","P£OCK","2015","05","02",14.9,"",3.0,"",9.1,"",-.5,"",.0,"9","",0,"8",.0,"8",12.2,"",.0,"8",.0,"8",.0,"8",.0,"8",.0,"8",.0,"8",.0,"8",.0,"8",.0,"8",.0,"8",.0,"8",.0,"8",.0,"8",.0,"8",.0,"8",.0,"8",0,"",0,"8","R",0,"9",0,"9",0,"8"
"352190360","P£OCK","2015","05","03",16.3,"",1.5,"",10.3,"",-1.7,"",.1,"","",0,"8",.0,"8",11.5,"",.0,"8",.0,"8",.0,"8",.0,"8",.0,"8",.0,"8",.0,"8",.0,"8",.0,"8",.0,"8",.0,"8",.0,"8",.0,"8",.0,"8",.0,"8",.0,"8",0,"",0,"8","R",0,"9",0,"9",0,"8"
"352190360","P£OCK","2015","05","04",17.9,"",8.2,"",12.4,"",7.0,"",.0,"","",0,"8",.0,"8",2.4,"",.0,"8",.0,"8",.0,"8",.0,"8",.0,"8",.0,"8",.0,"8",.0,"8",.0,"8",.0,"8",.0,"8",.0,"8",.0,"8",.0,"8",.0,"8",.0,"8",0,"",0,"8","R",0,"9",0,"9",0,"8"
"352190360","P£OCK","2015","05","05",22.9,"",6.1,"",16.3,"",3.0,"",4.7,"","",0,"8",.0,"8",6.5,"",.0,"8",.0,"8",.0,"8",.0,"8",.0,"8",.0,"8",.0,"8",.0,"8",.0,"8",.0,"8",.0,"8",.0,"8",.0,"8",.0,"8",.0,"8",.0,"8",0,"",0,"8","R",0,"9",0,"9",0,"8"
"352190360","P£OCK","2015","05","06",19.6,"",14.2,"",15.2,"",11.6,"",1.2,"","",0,"8",.0,"8",.0,"9",.0,"8",.0,"8",.0,"8",.0,"8",.0,"8",.0,"8",.0,"8",.0,"8",.0,"8",.0,"8",.0,"8",.0,"8",.0,"8",.0,"8",.0,"8",.0,"8",0,"",0,"8","R",0,"9",0,"9",0,"8"
"352190360","P£OCK","2015","05","07",19.5,"",8.0,"",14.4,"",5.2,"",.0,"9","",0,"8",.0,"8",11.1,"",.0,"8",.0,"8",.0,"8",.0,"8",.0,"8",.0,"8",.0,"8",.0,"8",.0,"8",.0,"8",.0,"8",.0,"8",.0,"8",.0,"8",.0,"8",.0,"8",0,"",0,"8","R",0,"9",0,"9",0,"8"
"352190360","P£OCK","2015","05","08",16.3,"",6.6,"",11.9,"",2.9,"",.0,"9","",0,"8",.0,"8",7.9,"",.0,"8",.0,"8",.0,"8",.0,"8",.0,"8",.0,"8",.0,"8",.0,"8",.0,"8",.0,"8",.0,"8",.0,"8",.0,"8",.0,"8",.0,"8",.0,"8",0,"",0,"8","R",0,"9",0,"9",0,"8"
"352190360","P£OCK","2015","05","09",20.3,"",8.7,"",14.7,"",4.0,"",.7,"","",0,"8",.0,"8",11.2,"",.0,"8",.0,"8",.0,"8",.0,"8",.0,"8",.0,"8",.0,"8",.0,"8",.0,"8",.0,"8",.0,"8",.0,"8",.0,"8",.0,"8",.0,"8",.0,"8",0,"",0,"8","R",0,"9",0,"9",0,"8"
"352190360","P£OCK","2015","05","10",16.8,"",10.8,"",13.1,"",10.5,"",.3,"","",0,"8",.0,"8",2.3,"",.0,"8",.0,"8",.0,"8",.0,"8",.0,"8",.0,"8",.0,"8",.0,"8",.0,"8",.0,"8",.0,"8",.0,"8",.0,"8",.0,"8",.0,"8",.0,"8",0,"",0,"8","R",0,"9",0,"9",0,"8"
"352190360","P£OCK","2015","05","11",16.0,"",7.9,"",11.4,"",7.7,"",.0,"9","",0,"8",.0,"8",8.7,"",.0,"8",.0,"8",.0,"8",.0,"8",.0,"8",.0,"8",.0,"8",.0,"8",.0,"8",.0,"8",.0,"8",.0,"8",.0,"8",.0,"8",.0,"8",.0,"8",0,"",0,"8","R",0,"9",0,"9",0,"8"
"352190360","P£OCK","2015","05","12",21.8,"",5.3,"",14.9,"",.6,"",1.8,"","",0,"8",.0,"8",9.8,"",.0,"8",.0,"8",.0,"8",.0,"8",.0,"8",.0,"8",.0,"8",.0,"8",.0,"8",.0,"8",.0,"8",.0,"8",.0,"8",.0,"8",.0,"8",.0,"8",0,"",0,"8","R",0,"9",0,"9",0,"8"
"352190360","P£OCK","2015","05","13",18.7,"",9.0,"",13.0,"",8.2,"",.0,"","",0,"8",.0,"8",6.6,"",.0,"8",.0,"8",.0,"8",.0,"8",.0,"8",.0,"8",.0,"8",.0,"8",.0,"8",.0,"8",.0,"8",.0,"8",.0,"8",.0,"8",.0,"8",.0,"8",0,"",0,"8","R",0,"9",0,"9",0,"8"
"352190360","P£OCK","2015","05","14",16.0,"",8.2,"",11.5,"",6.2,"",.0,"9","",0,"8",.0,"8",7.2,"",.0,"8",.0,"8",.0,"8",.0,"8",.0,"8",.0,"8",.0,"8",.0,"8",.0,"8",.0,"8",.0,"8",.0,"8",.0,"8",.0,"8",.0,"8",.0,"8",0,"",0,"8","R",0,"9",0,"9",0,"8"
"352190360","P£OCK","2015","05","15",16.4,"",6.5,"",10.8,"",5.3,"",.0,"","",0,"8",.0,"8",6.7,"",.0,"8",.0,"8",.0,"8",.0,"8",.0,"8",.0,"8",.0,"8",.0,"8",.0,"8",.0,"8",.0,"8",.0,"8",.0,"8",.0,"8",.0,"8",.0,"8",0,"",0,"8","R",0,"9",0,"9",0,"8"
"352190360","P£OCK","2015","05","16",18.1,"",-.3,"",11.1,"",-4.6,"",.7,"","",0,"8",.0,"8",10.9,"",.0,"8",.0,"8",.0,"8",.0,"8",.0,"8",.0,"8",.0,"8",.0,"8",.0,"8",.0,"8",.0,"8",.0,"8",.0,"8",.0,"8",.0,"8",.0,"8",0,"",0,"8","R",0,"9",0,"9",0,"8"
"352190360","P£OCK","2015","05","17",15.1,"",8.9,"",11.7,"",8.7,"",.1,"","",0,"8",.0,"8",7.8,"",.0,"8",.0,"8",.0,"8",.0,"8",.0,"8",.0,"8",.0,"8",.0,"8",.0,"8",.0,"8",.0,"8",.0,"8",.0,"8",.0,"8",.0,"8",.0,"8",0,"",0,"8","R",0,"9",0,"9",0,"8"
"352190360","P£OCK","2015","05","18",17.5,"",4.9,"",11.9,"",2.5,"",.0,"9","",0,"8",.0,"8",5.2,"",.0,"8",.0,"8",.0,"8",.0,"8",.0,"8",.0,"8",.0,"8",.0,"8",.0,"8",.0,"8",.0,"8",.0,"8",.0,"8",.0,"8",.0,"8",.0,"8",0,"",0,"8","R",0,"9",0,"9",0,"8"
"352190360","P£OCK","2015","05","19",24.0,"",10.0,"",16.2,"",6.8,"",.0,"","",0,"8",.0,"8",6.8,"",.0,"8",.0,"8",.0,"8",.0,"8",.0,"8",.0,"8",.0,"8",.0,"8",.0,"8",.0,"8",.0,"8",.0,"8",.0,"8",.0,"8",.0,"8",.0,"8",0,"",0,"8","R",0,"9",0,"9",0,"8"
"352190360","P£OCK","2015","05","20",19.5,"",11.4,"",14.2,"",7.4,"",.7,"","",0,"8",.0,"8",.8,"",.0,"8",.0,"8",.0,"8",.0,"8",.0,"8",.0,"8",.0,"8",.0,"8",.0,"8",.0,"8",.0,"8",.0,"8",.0,"8",.0,"8",.0,"8",.0,"8",0,"",0,"8","R",0,"9",0,"9",0,"8"
"352190360","P£OCK","2015","05","21",17.4,"",9.5,"",13.1,"",9.4,"",.0,"","",0,"8",.0,"8",4.3,"",.0,"8",.0,"8",.0,"8",.0,"8",.0,"8",.0,"8",.0,"8",.0,"8",.0,"8",.0,"8",.0,"8",.0,"8",.0,"8",.0,"8",.0,"8",.0,"8",0,"",0,"8","R",0,"9",0,"9",0,"8"
"352190360","P£OCK","2015","05","22",18.7,"",10.6,"",14.1,"",9.7,"",.0,"9","",0,"8",.0,"8",9.4,"",.0,"8",.0,"8",.0,"8",.0,"8",.0,"8",.0,"8",.0,"8",.0,"8",.0,"8",.0,"8",.0,"8",.0,"8",.0,"8",.0,"8",.0,"8",.0,"8",0,"",0,"8","R",0,"9",0,"9",0,"8"
"352190360","P£OCK","2015","05","23",16.4,"",6.3,"",12.1,"",2.9,"",.0,"9","",0,"8",.0,"8",.5,"",.0,"8",.0,"8",.0,"8",.0,"8",.0,"8",.0,"8",.0,"8",.0,"8",.0,"8",.0,"8",.0,"8",.0,"8",.0,"8",.0,"8",.0,"8",.0,"8",0,"",0,"8","R",0,"9",0,"9",0,"8"
"352190360","P£OCK","2015","05","24",20.3,"",9.4,"",14.2,"",5.4,"",.0,"9","",0,"8",.0,"8",9.0,"",.0,"8",.0,"8",.0,"8",.0,"8",.0,"8",.0,"8",.0,"8",.0,"8",.0,"8",.0,"8",.0,"8",.0,"8",.0,"8",.0,"8",.0,"8",.0,"8",0,"",0,"8","R",0,"9",0,"9",0,"8"
"352190360","P£OCK","2015","05","25",20.6,"",7.9,"",14.7,"",4.1,"",2.6,"","",0,"8",.0,"8",2.9,"",.0,"8",.0,"8",.0,"8",.0,"8",.0,"8",.0,"8",.0,"8",.0,"8",.0,"8",.0,"8",.0,"8",.0,"8",.0,"8",.0,"8",.0,"8",.0,"8",0,"",0,"8","R",0,"9",0,"9",0,"8"
"352190360","P£OCK","2015","05","26",19.3,"",12.3,"",14.1,"",11.8,"",1.3,"","",0,"8",.0,"8",1.4,"",.0,"8",.0,"8",.0,"8",.0,"8",.0,"8",.0,"8",.0,"8",.0,"8",.0,"8",.0,"8",.0,"8",.0,"8",.0,"8",.0,"8",.0,"8",.0,"8",0,"",0,"8","R",0,"9",0,"9",0,"8"
"352190360","P£OCK","2015","05","27",15.6,"",6.3,"",11.3,"",5.5,"",.0,"9","",0,"8",.0,"8",4.9,"",.0,"8",.0,"8",.0,"8",.0,"8",.0,"8",.0,"8",.0,"8",.0,"8",.0,"8",.0,"8",.0,"8",.0,"8",.0,"8",.0,"8",.0,"8",.0,"8",0,"",0,"8","R",0,"9",0,"9",0,"8"
"352190360","P£OCK","2015","05","28",17.0,"",7.1,"",12.1,"",5.8,"",.4,"","",0,"8",.0,"8",7.6,"",.0,"8",.0,"8",.0,"8",.0,"8",.0,"8",.0,"8",.0,"8",.0,"8",.0,"8",.0,"8",.0,"8",.0,"8",.0,"8",.0,"8",.0,"8",.0,"8",0,"",0,"8","R",0,"9",0,"9",0,"8"
"352190360","P£OCK","2015","05","29",19.9,"",7.9,"",13.7,"",3.8,"",.9,"","",0,"8",.0,"8",6.0,"",.0,"8",.0,"8",.0,"8",.0,"8",.0,"8",.0,"8",.0,"8",.0,"8",.0,"8",.0,"8",.0,"8",.0,"8",.0,"8",.0,"8",.0,"8",.0,"8",0,"",0,"8","R",0,"9",0,"9",0,"8"
"352190360","P£OCK","2015","05","30",21.6,"",11.5,"",15.8,"",6.6,"",.0,"","",0,"8",.0,"8",6.4,"",.0,"8",.0,"8",.0,"8",.0,"8",.0,"8",.0,"8",.0,"8",.0,"8",.0,"8",.0,"8",.0,"8",.0,"8",.0,"8",.0,"8",.0,"8",.0,"8",0,"",0,"8","R",0,"9",0,"9",0,"8"
"352190360","P£OCK","2015","05","31",18.6,"",7.4,"",13.5,"",3.2,"",.0,"9","",0,"8",.0,"8",13.6,"",.0,"8",.0,"8",.0,"8",.0,"8",.0,"8",.0,"8",.0,"8",.0,"8",.0,"8",.0,"8",.0,"8",.0,"8",.0,"8",.0,"8",.0,"8",.0,"8",0,"",0,"8","R",0,"9",0,"9",0,"8"
"352190360","P£OCK","2015","06","01",25.7,"",8.8,"",17.8,"",4.8,"",.0,"","",0,"8",.0,"8",8.3,"",.0,"8",.0,"8",.0,"8",.0,"8",.0,"8",.0,"8",.0,"8",.0,"8",.0,"8",.0,"8",.0,"8",.0,"8",.0,"8",.0,"8",.0,"8",.0,"8",0,"",0,"8","R",0,"9",0,"9",0,"8"
"352190360","P£OCK","2015","06","02",25.4,"",11.2,"",18.5,"",9.7,"",.0,"9","",0,"8",.0,"8",11.8,"",.0,"8",.0,"8",.0,"8",.0,"8",.0,"8",.0,"8",.0,"8",.0,"8",.0,"8",.0,"8",.0,"8",.0,"8",.0,"8",.0,"8",.0,"8",.0,"8",0,"",0,"8","R",0,"9",0,"9",0,"8"
"352190360","P£OCK","2015","06","03",28.9,"",15.5,"",22.0,"",11.0,"",.0,"9","",0,"8",.0,"8",11.3,"",.0,"8",.0,"8",.0,"8",.0,"8",.0,"8",.0,"8",.0,"8",.0,"8",.0,"8",.0,"8",.0,"8",.0,"8",.0,"8",.0,"8",.0,"8",.0,"8",0,"",0,"8","R",0,"9",0,"9",0,"8"
"352190360","P£OCK","2015","06","04",22.9,"",9.6,"",15.4,"",4.3,"",.0,"9","",0,"8",.0,"8",14.7,"",.0,"8",.0,"8",.0,"8",.0,"8",.0,"8",.0,"8",.0,"8",.0,"8",.0,"8",.0,"8",.0,"8",.0,"8",.0,"8",.0,"8",.0,"8",.0,"8",0,"",0,"8","R",0,"9",0,"9",0,"8"
"352190360","P£OCK","2015","06","05",24.0,"",7.8,"",16.7,"",3.8,"",.0,"9","",0,"8",.0,"8",15.2,"",.0,"8",.0,"8",.0,"8",.0,"8",.0,"8",.0,"8",.0,"8",.0,"8",.0,"8",.0,"8",.0,"8",.0,"8",.0,"8",.0,"8",.0,"8",.0,"8",0,"",0,"8","R",0,"9",0,"9",0,"8"
"352190360","P£OCK","2015","06","06",28.6,"",10.8,"",20.7,"",6.1,"",.0,"9","",0,"8",.0,"8",15.1,"",.0,"8",.0,"8",.0,"8",.0,"8",.0,"8",.0,"8",.0,"8",.0,"8",.0,"8",.0,"8",.0,"8",.0,"8",.0,"8",.0,"8",.0,"8",.0,"8",0,"",0,"8","R",0,"9",0,"9",0,"8"
"352190360","P£OCK","2015","06","07",26.1,"",13.6,"",15.9,"",9.6,"",3.3,"","",0,"8",.0,"8",4.8,"",.0,"8",.0,"8",.0,"8",.0,"8",.0,"8",.0,"8",.0,"8",.0,"8",.0,"8",.0,"8",.0,"8",.0,"8",.0,"8",.0,"8",.0,"8",.0,"8",0,"",0,"8","R",0,"9",0,"9",0,"8"
"352190360","P£OCK","2015","06","08",21.1,"",10.7,"",16.4,"",8.1,"",1.4,"","",0,"8",.0,"8",9.5,"",.0,"8",.0,"8",.0,"8",.0,"8",.0,"8",.0,"8",.0,"8",.0,"8",.0,"8",.0,"8",.0,"8",.0,"8",.0,"8",.0,"8",.0,"8",.0,"8",0,"",0,"8","R",0,"9",0,"9",0,"8"
"352190360","P£OCK","2015","06","09",19.3,"",10.2,"",12.0,"",10.1,"",.3,"","",0,"8",.0,"8",.0,"9",.0,"8",.0,"8",.0,"8",.0,"8",.0,"8",.0,"8",.0,"8",.0,"8",.0,"8",.0,"8",.0,"8",.0,"8",.0,"8",.0,"8",.0,"8",.0,"8",0,"",0,"8","R",0,"9",0,"9",0,"8"
"352190360","P£OCK","2015","06","10",21.1,"",10.5,"",15.4,"",8.8,"",.0,"9","",0,"8",.0,"8",8.4,"",.0,"8",.0,"8",.0,"8",.0,"8",.0,"8",.0,"8",.0,"8",.0,"8",.0,"8",.0,"8",.0,"8",.0,"8",.0,"8",.0,"8",.0,"8",.0,"8",0,"",0,"8","R",0,"9",0,"9",0,"8"
"352190360","P£OCK","2015","06","11",23.4,"",6.6,"",15.8,"",3.2,"",.0,"9","",0,"8",.0,"8",14.8,"",.0,"8",.0,"8",.0,"8",.0,"8",.0,"8",.0,"8",.0,"8",.0,"8",.0,"8",.0,"8",.0,"8",.0,"8",.0,"8",.0,"8",.0,"8",.0,"8",0,"",0,"8","R",0,"9",0,"9",0,"8"
"352190360","P£OCK","2015","06","12",27.2,"",7.2,"",19.0,"",3.6,"",.9,"","",0,"8",.0,"8",11.1,"",.0,"8",.0,"8",.0,"8",.0,"8",.0,"8",.0,"8",.0,"8",.0,"8",.0,"8",.0,"8",.0,"8",.0,"8",.0,"8",.0,"8",.0,"8",.0,"8",0,"",0,"8","R",0,"9",0,"9",0,"8"
"352190360","P£OCK","2015","06","13",27.6,"",15.5,"",21.2,"",12.4,"",.0,"","",0,"8",.0,"8",12.8,"",.0,"8",.0,"8",.0,"8",.0,"8",.0,"8",.0,"8",.0,"8",.0,"8",.0,"8",.0,"8",.0,"8",.0,"8",.0,"8",.0,"8",.0,"8",.0,"8",0,"",0,"8","R",0,"9",0,"9",0,"8"
"352190360","P£OCK","2015","06","14",25.9,"",16.6,"",21.2,"",13.9,"",.0,"9","",0,"8",.0,"8",7.6,"",.0,"8",.0,"8",.0,"8",.0,"8",.0,"8",.0,"8",.0,"8",.0,"8",.0,"8",.0,"8",.0,"8",.0,"8",.0,"8",.0,"8",.0,"8",.0,"8",0,"",0,"8","R",0,"9",0,"9",0,"8"
"352190360","P£OCK","2015","06","15",23.8,"",13.4,"",16.7,"",11.9,"",.0,"9","",0,"8",.0,"8",6.3,"",.0,"8",.0,"8",.0,"8",.0,"8",.0,"8",.0,"8",.0,"8",.0,"8",.0,"8",.0,"8",.0,"8",.0,"8",.0,"8",.0,"8",.0,"8",.0,"8",0,"",0,"8","R",0,"9",0,"9",0,"8"
"352190360","P£OCK","2015","06","16",18.2,"",6.3,"",12.5,"",3.8,"",.0,"9","",0,"8",.0,"8",6.7,"",.0,"8",.0,"8",.0,"8",.0,"8",.0,"8",.0,"8",.0,"8",.0,"8",.0,"8",.0,"8",.0,"8",.0,"8",.0,"8",.0,"8",.0,"8",.0,"8",0,"",0,"8","R",0,"9",0,"9",0,"8"
"352190360","P£OCK","2015","06","17",21.1,"",7.6,"",14.9,"",3.5,"",.0,"9","",0,"8",.0,"8",11.2,"",.0,"8",.0,"8",.0,"8",.0,"8",.0,"8",.0,"8",.0,"8",.0,"8",.0,"8",.0,"8",.0,"8",.0,"8",.0,"8",.0,"8",.0,"8",.0,"8",0,"",0,"8","R",0,"9",0,"9",0,"8"
"352190360","P£OCK","2015","06","18",19.6,"",11.8,"",15.2,"",7.2,"",1.2,"","",0,"8",.0,"8",2.4,"",.0,"8",.0,"8",.0,"8",.0,"8",.0,"8",.0,"8",.0,"8",.0,"8",.0,"8",.0,"8",.0,"8",.0,"8",.0,"8",.0,"8",.0,"8",.0,"8",0,"",0,"8","R",0,"9",0,"9",0,"8"
"352190360","P£OCK","2015","06","19",17.4,"",11.8,"",13.6,"",9.7,"",.0,"","",0,"8",.0,"8",4.5,"",.0,"8",.0,"8",.0,"8",.0,"8",.0,"8",.0,"8",.0,"8",.0,"8",.0,"8",.0,"8",.0,"8",.0,"8",.0,"8",.0,"8",.0,"8",.0,"8",0,"",0,"8","R",0,"9",0,"9",0,"8"
"352190360","P£OCK","2015","06","20",18.4,"",7.3,"",12.9,"",4.3,"",1.7,"","",0,"8",.0,"8",3.3,"",.0,"8",.0,"8",.0,"8",.0,"8",.0,"8",.0,"8",.0,"8",.0,"8",.0,"8",.0,"8",.0,"8",.0,"8",.0,"8",.0,"8",.0,"8",.0,"8",0,"",0,"8","R",0,"9",0,"9",0,"8"
"352190360","P£OCK","2015","06","21",17.1,"",9.6,"",14.0,"",6.7,"",2.8,"","",0,"8",.0,"8",5.7,"",.0,"8",.0,"8",.0,"8",.0,"8",.0,"8",.0,"8",.0,"8",.0,"8",.0,"8",.0,"8",.0,"8",.0,"8",.0,"8",.0,"8",.0,"8",.0,"8",0,"",0,"8","R",0,"9",0,"9",0,"8"
"352190360","P£OCK","2015","06","22",20.4,"",7.9,"",14.9,"",4.4,"",2.9,"","",0,"8",.0,"8",6.9,"",.0,"8",.0,"8",.0,"8",.0,"8",.0,"8",.0,"8",.0,"8",.0,"8",.0,"8",.0,"8",.0,"8",.0,"8",.0,"8",.0,"8",.0,"8",.0,"8",0,"",0,"8","R",0,"9",0,"9",0,"8"
"352190360","P£OCK","2015","06","23",17.5,"",12.6,"",13.5,"",12.4,"",3.2,"","",0,"8",.0,"8",3.1,"",.0,"8",.0,"8",.0,"8",.0,"8",.0,"8",.0,"8",.0,"8",.0,"8",.0,"8",.0,"8",.0,"8",.0,"8",.0,"8",.0,"8",.0,"8",.0,"8",0,"",0,"8","R",0,"9",0,"9",0,"8"
"352190360","P£OCK","2015","06","24",19.5,"",9.8,"",14.8,"",7.9,"",.0,"9","",0,"8",.0,"8",9.0,"",.0,"8",.0,"8",.0,"8",.0,"8",.0,"8",.0,"8",.0,"8",.0,"8",.0,"8",.0,"8",.0,"8",.0,"8",.0,"8",.0,"8",.0,"8",.0,"8",0,"",0,"8","R",0,"9",0,"9",0,"8"
"352190360","P£OCK","2015","06","25",21.1,"",8.3,"",15.2,"",4.7,"",.0,"9","",0,"8",.0,"8",6.6,"",.0,"8",.0,"8",.0,"8",.0,"8",.0,"8",.0,"8",.0,"8",.0,"8",.0,"8",.0,"8",.0,"8",.0,"8",.0,"8",.0,"8",.0,"8",.0,"8",0,"",0,"8","R",0,"9",0,"9",0,"8"
"352190360","P£OCK","2015","06","26",22.9,"",8.3,"",17.0,"",5.6,"",.0,"9","",0,"8",.0,"8",7.7,"",.0,"8",.0,"8",.0,"8",.0,"8",.0,"8",.0,"8",.0,"8",.0,"8",.0,"8",.0,"8",.0,"8",.0,"8",.0,"8",.0,"8",.0,"8",.0,"8",0,"",0,"8","R",0,"9",0,"9",0,"8"
"352190360","P£OCK","2015","06","27",21.2,"",8.6,"",15.9,"",5.7,"",.0,"9","",0,"8",.0,"8",4.2,"",.0,"8",.0,"8",.0,"8",.0,"8",.0,"8",.0,"8",.0,"8",.0,"8",.0,"8",.0,"8",.0,"8",.0,"8",.0,"8",.0,"8",.0,"8",.0,"8",0,"",0,"8","R",0,"9",0,"9",0,"8"
"352190360","P£OCK","2015","06","28",22.4,"",13.4,"",18.2,"",11.1,"",.0,"","",0,"8",.0,"8",1.3,"",.0,"8",.0,"8",.0,"8",.0,"8",.0,"8",.0,"8",.0,"8",.0,"8",.0,"8",.0,"8",.0,"8",.0,"8",.0,"8",.0,"8",.0,"8",.0,"8",0,"",0,"8","R",0,"9",0,"9",0,"8"
"352190360","P£OCK","2015","06","29",21.5,"",15.1,"",17.1,"",15.1,"",.0,"9","",0,"8",.0,"8",4.0,"",.0,"8",.0,"8",.0,"8",.0,"8",.0,"8",.0,"8",.0,"8",.0,"8",.0,"8",.0,"8",.0,"8",.0,"8",.0,"8",.0,"8",.0,"8",.0,"8",0,"",0,"8","R",0,"9",0,"9",0,"8"
"352190360","P£OCK","2015","06","30",25.2,"",8.8,"",17.8,"",6.3,"",.0,"","",0,"8",.0,"8",7.9,"",.0,"8",.0,"8",.0,"8",.0,"8",.0,"8",.0,"8",.0,"8",.0,"8",.0,"8",.0,"8",.0,"8",.0,"8",.0,"8",.0,"8",.0,"8",.0,"8",0,"",0,"8","R",0,"9",0,"9",0,"8"
"352190360","P£OCK","2015","07","01",25.6,"",9.3,"",18.5,"",6.1,"",.0,"9","",0,"8",.0,"8",14.4,"",.0,"8",.0,"8",.0,"8",.0,"8",.0,"8",.0,"8",.0,"8",.0,"8",.0,"8",.0,"8",.0,"8",.0,"8",.0,"8",.0,"8",.0,"8",.0,"8",0,"",0,"8","R",0,"9",0,"9",0,"8"
"352190360","P£OCK","2015","07","02",26.6,"",11.8,"",19.9,"",9.7,"",.0,"9","",0,"8",.0,"8",15.1,"",.0,"8",.0,"8",.0,"8",.0,"8",.0,"8",.0,"8",.0,"8",.0,"8",.0,"8",.0,"8",.0,"8",.0,"8",.0,"8",.0,"8",.0,"8",.0,"8",0,"",0,"8","R",0,"9",0,"9",0,"8"
"352190360","P£OCK","2015","07","03",29.4,"",13.6,"",22.4,"",9.6,"",.0,"9","",0,"8",.0,"8",15.5,"",.0,"8",.0,"8",.0,"8",.0,"8",.0,"8",.0,"8",.0,"8",.0,"8",.0,"8",.0,"8",.0,"8",.0,"8",.0,"8",.0,"8",.0,"8",.0,"8",0,"",0,"8","R",0,"9",0,"9",0,"8"
"352190360","P£OCK","2015","07","04",32.1,"",15.8,"",24.3,"",10.9,"",.0,"9","",0,"8",.0,"8",15.3,"",.0,"8",.0,"8",.0,"8",.0,"8",.0,"8",.0,"8",.0,"8",.0,"8",.0,"8",.0,"8",.0,"8",.0,"8",.0,"8",.0,"8",.0,"8",.0,"8",0,"",0,"8","R",0,"9",0,"9",0,"8"
"352190360","P£OCK","2015","07","05",34.7,"",14.5,"",25.8,"",11.6,"",.0,"9","",0,"8",.0,"8",14.4,"",.0,"8",.0,"8",.0,"8",.0,"8",.0,"8",.0,"8",.0,"8",.0,"8",.0,"8",.0,"8",.0,"8",.0,"8",.0,"8",.0,"8",.0,"8",.0,"8",0,"",0,"8","R",0,"9",0,"9",0,"8"
"352190360","P£OCK","2015","07","06",31.2,"",18.0,"",23.3,"",14.7,"",.2,"","",0,"8",.0,"8",6.4,"",.0,"8",.0,"8",.0,"8",.0,"8",.0,"8",.0,"8",.0,"8",.0,"8",.0,"8",.0,"8",.0,"8",.0,"8",.0,"8",.0,"8",.0,"8",.0,"8",0,"",0,"8","R",0,"9",0,"9",0,"8"
"352190360","P£OCK","2015","07","07",30.5,"",10.2,"",21.8,"",7.4,"",2.6,"","",0,"8",.0,"8",14.9,"",.0,"8",.0,"8",.0,"8",.0,"8",.0,"8",.0,"8",.0,"8",.0,"8",.0,"8",.0,"8",.0,"8",.0,"8",.0,"8",.0,"8",.0,"8",.0,"8",0,"",0,"8","R",0,"9",0,"9",0,"8"
"352190360","P£OCK","2015","07","08",27.9,"",17.9,"",21.5,"",15.1,"",.0,"","",0,"8",.0,"8",3.8,"",.0,"8",.0,"8",.0,"8",.0,"8",.0,"8",.0,"8",.0,"8",.0,"8",.0,"8",.0,"8",.0,"8",.0,"8",.0,"8",.0,"8",.0,"8",.0,"8",0,"",0,"8","R",0,"9",0,"9",0,"8"
"352190360","P£OCK","2015","07","09",22.5,"",12.0,"",15.9,"",8.2,"",5.3,"","",0,"8",.0,"8",6.5,"",.0,"8",.0,"8",.0,"8",.0,"8",.0,"8",.0,"8",.0,"8",.0,"8",.0,"8",.0,"8",.0,"8",.0,"8",.0,"8",.0,"8",.0,"8",.0,"8",0,"",0,"8","R",0,"9",0,"9",0,"8"
"352190360","P£OCK","2015","07","10",16.5,"",12.0,"",13.5,"",11.4,"",.0,"","",0,"8",.0,"8",1.7,"",.0,"8",.0,"8",.0,"8",.0,"8",.0,"8",.0,"8",.0,"8",.0,"8",.0,"8",.0,"8",.0,"8",.0,"8",.0,"8",.0,"8",.0,"8",.0,"8",0,"",0,"8","R",0,"9",0,"9",0,"8"
"352190360","P£OCK","2015","07","11",19.4,"",11.9,"",15.6,"",11.5,"",.0,"9","",0,"8",.0,"8",2.8,"",.0,"8",.0,"8",.0,"8",.0,"8",.0,"8",.0,"8",.0,"8",.0,"8",.0,"8",.0,"8",.0,"8",.0,"8",.0,"8",.0,"8",.0,"8",.0,"8",0,"",0,"8","R",0,"9",0,"9",0,"8"
"352190360","P£OCK","2015","07","12",23.1,"",8.0,"",16.6,"",6.0,"",.2,"","",0,"8",.0,"8",6.9,"",.0,"8",.0,"8",.0,"8",.0,"8",.0,"8",.0,"8",.0,"8",.0,"8",.0,"8",.0,"8",.0,"8",.0,"8",.0,"8",.0,"8",.0,"8",.0,"8",0,"",0,"8","R",0,"9",0,"9",0,"8"
"352190360","P£OCK","2015","07","13",21.0,"",14.8,"",17.3,"",14.8,"",13.4,"","",0,"8",.0,"8",1.6,"",.0,"8",.0,"8",.0,"8",.0,"8",.0,"8",.0,"8",.0,"8",.0,"8",.0,"8",.0,"8",.0,"8",.0,"8",.0,"8",.0,"8",.0,"8",.0,"8",0,"",0,"8","R",0,"9",0,"9",0,"8"
"352190360","P£OCK","2015","07","14",23.0,"",13.6,"",17.3,"",12.9,"",.0,"","",0,"8",.0,"8",3.6,"",.0,"8",.0,"8",.0,"8",.0,"8",.0,"8",.0,"8",.0,"8",.0,"8",.0,"8",.0,"8",.0,"8",.0,"8",.0,"8",.0,"8",.0,"8",.0,"8",0,"",0,"8","R",0,"9",0,"9",0,"8"
"352190360","P£OCK","2015","07","15",23.2,"",12.3,"",17.3,"",10.2,"",.0,"","",0,"8",.0,"8",8.6,"",.0,"8",.0,"8",.0,"8",.0,"8",.0,"8",.0,"8",.0,"8",.0,"8",.0,"8",.0,"8",.0,"8",.0,"8",.0,"8",.0,"8",.0,"8",.0,"8",0,"",0,"8","R",0,"9",0,"9",0,"8"
"352190360","P£OCK","2015","07","16",24.8,"",9.4,"",17.9,"",6.6,"",.0,"9","",0,"8",.0,"8",9.8,"",.0,"8",.0,"8",.0,"8",.0,"8",.0,"8",.0,"8",.0,"8",.0,"8",.0,"8",.0,"8",.0,"8",.0,"8",.0,"8",.0,"8",.0,"8",.0,"8",0,"",0,"8","R",0,"9",0,"9",0,"8"
"352190360","P£OCK","2015","07","17",27.0,"",14.4,"",21.0,"",11.9,"",.0,"9","",0,"8",.0,"8",11.9,"",.0,"8",.0,"8",.0,"8",.0,"8",.0,"8",.0,"8",.0,"8",.0,"8",.0,"8",.0,"8",.0,"8",.0,"8",.0,"8",.0,"8",.0,"8",.0,"8",0,"",0,"8","R",0,"9",0,"9",0,"8"
"352190360","P£OCK","2015","07","18",34.6,"",16.2,"",24.2,"",15.5,"",1.5,"","",0,"8",.0,"8",11.2,"",.0,"8",.0,"8",.0,"8",.0,"8",.0,"8",.0,"8",.0,"8",.0,"8",.0,"8",.0,"8",.0,"8",.0,"8",.0,"8",.0,"8",.0,"8",.0,"8",0,"",0,"8","R",0,"9",0,"9",0,"8"
"352190360","P£OCK","2015","07","19",29.2,"",15.6,"",21.2,"",15.8,"",9.3,"","",0,"8",.0,"8",8.7,"",.0,"8",.0,"8",.0,"8",.0,"8",.0,"8",.0,"8",.0,"8",.0,"8",.0,"8",.0,"8",.0,"8",.0,"8",.0,"8",.0,"8",.0,"8",.0,"8",0,"",0,"8","R",0,"9",0,"9",0,"8"
"352190360","P£OCK","2015","07","20",23.7,"",16.0,"",18.4,"",16.1,"",.0,"9","",0,"9",.0,"9",8.7,"",.0,"8",.0,"8",.0,"8",.0,"8",.0,"8",.0,"8",.0,"8",.0,"8",.0,"8",.0,"8",.0,"8",.0,"8",.0,"8",.0,"8",.0,"8",.0,"8",0,"",0,"8","R",0,"9",0,"9",0,"8"
"352190360","P£OCK","2015","07","21",24.5,"",9.1,"",17.9,"",6.6,"",.5,"","",0,"8",.0,"8",6.2,"",.0,"8",.0,"8",.0,"8",.0,"8",.0,"8",.0,"8",.0,"8",.0,"8",.0,"8",.0,"8",.0,"8",.0,"8",.0,"8",.0,"8",.0,"8",.0,"8",0,"",0,"8","R",0,"9",0,"9",0,"8"
"352190360","P£OCK","2015","07","22",29.3,"",14.9,"",22.8,"",11.9,"",.0,"9","",0,"8",.0,"8",11.6,"",.0,"8",.0,"8",.0,"8",.0,"8",.0,"8",.0,"8",.0,"8",.0,"8",.0,"8",.0,"8",.0,"8",.0,"8",.0,"8",.0,"8",.0,"8",.0,"8",0,"",0,"8","R",0,"9",0,"9",0,"8"
"352190360","P£OCK","2015","07","23",26.9,"",19.7,"",21.8,"",19.5,"",.0,"9","",0,"8",.0,"8",3.7,"",.0,"8",.0,"8",.0,"8",.0,"8",.0,"8",.0,"8",.0,"8",.0,"8",.0,"8",.0,"8",.0,"8",.0,"8",.0,"8",.0,"8",.0,"8",.0,"8",0,"",0,"8","R",0,"9",0,"9",0,"8"
"352190360","P£OCK","2015","07","24",27.3,"",11.3,"",20.3,"",8.6,"",.0,"","",0,"8",.0,"8",9.1,"",.0,"8",.0,"8",.0,"8",.0,"8",.0,"8",.0,"8",.0,"8",.0,"8",.0,"8",.0,"8",.0,"8",.0,"8",.0,"8",.0,"8",.0,"8",.0,"8",0,"",0,"8","R",0,"9",0,"9",0,"8"
"352190360","P£OCK","2015","07","25",31.5,"",18.0,"",21.8,"",16.1,"",20.3,"","",0,"8",.0,"8",5.6,"",.0,"8",.0,"8",.0,"8",.0,"8",.0,"8",.0,"8",.0,"8",.0,"8",.0,"8",.0,"8",.0,"8",.0,"8",.0,"8",.0,"8",.0,"8",.0,"8",0,"",0,"8","R",0,"9",0,"9",0,"8"
"352190360","P£OCK","2015","07","26",19.6,"",15.3,"",16.6,"",13.9,"",.0,"9","",0,"8",.0,"8",2.2,"",.0,"8",.0,"8",.0,"8",.0,"8",.0,"8",.0,"8",.0,"8",.0,"8",.0,"8",.0,"8",.0,"8",.0,"8",.0,"8",.0,"8",.0,"8",.0,"8",0,"",0,"8","R",0,"9",0,"9",0,"8"
"352190360","P£OCK","2015","07","27",21.4,"",8.0,"",15.2,"",5.5,"",4.2,"","",0,"8",.0,"8",4.8,"",.0,"8",.0,"8",.0,"8",.0,"8",.0,"8",.0,"8",.0,"8",.0,"8",.0,"8",.0,"8",.0,"8",.0,"8",.0,"8",.0,"8",.0,"8",.0,"8",0,"",0,"8","R",0,"9",0,"9",0,"8"
"352190360","P£OCK","2015","07","28",24.1,"",13.8,"",18.2,"",12.8,"",.0,"","",0,"8",.0,"8",7.5,"",.0,"8",.0,"8",.0,"8",.0,"8",.0,"8",.0,"8",.0,"8",.0,"8",.0,"8",.0,"8",.0,"8",.0,"8",.0,"8",.0,"8",.0,"8",.0,"8",0,"",0,"8","R",0,"9",0,"9",0,"8"
"352190360","P£OCK","2015","07","29",22.1,"",13.3,"",17.6,"",10.4,"",1.1,"","",0,"8",.0,"8",5.0,"",.0,"8",.0,"8",.0,"8",.0,"8",.0,"8",.0,"8",.0,"8",.0,"8",.0,"8",.0,"8",.0,"8",.0,"8",.0,"8",.0,"8",.0,"8",.0,"8",0,"",0,"8","R",0,"9",0,"9",0,"8"
"352190360","P£OCK","2015","07","30",19.9,"",10.4,"",15.5,"",8.5,"",.0,"9","",0,"8",.0,"8",5.7,"",.0,"8",.0,"8",.0,"8",.0,"8",.0,"8",.0,"8",.0,"8",.0,"8",.0,"8",.0,"8",.0,"8",.0,"8",.0,"8",.0,"8",.0,"8",.0,"8",0,"",0,"8","R",0,"9",0,"9",0,"8"
"352190360","P£OCK","2015","07","31",18.0,"",10.8,"",14.5,"",8.8,"",.0,"","",0,"8",.0,"8",4.4,"",.0,"8",.0,"8",.0,"8",.0,"8",.0,"8",.0,"8",.0,"8",.0,"8",.0,"8",.0,"8",.0,"8",.0,"8",.0,"8",.0,"8",.0,"8",.0,"8",0,"",0,"8","R",0,"9",0,"9",0,"8"
"352190360","P£OCK","2015","08","01",22.8,"",5.4,"",15.4,"",3.1,"",.0,"9","",0,"8",.0,"8",13.4,"",.0,"8",.0,"8",.0,"8",.0,"8",.0,"8",.0,"8",.0,"8",.0,"8",.0,"8",.0,"8",.0,"8",.0,"8",.0,"8",.0,"8",.0,"8",.0,"8",0,"",0,"8","R",0,"9",0,"9",0,"8"
"352190360","P£OCK","2015","08","02",28.0,"",11.3,"",.0,"8",9.3,"",.0,"9","",0,"8",.0,"8",.0,"8",.0,"8",.0,"8",.0,"8",.0,"8",.0,"8",.0,"8",.0,"8",.0,"8",.0,"8",.0,"8",.0,"8",.0,"8",.0,"8",.0,"8",.0,"8",.0,"8",0,"",0,"8","R",0,"9",0,"9",0,"8"
"352190360","P£OCK","2015","08","03",30.3,"",12.3,"",22.8,"",10.1,"",.0,"9","",0,"8",.0,"8",13.7,"",.0,"8",.0,"8",.0,"8",.0,"8",.0,"8",.0,"8",.0,"8",.0,"8",.0,"8",.0,"8",.0,"8",.0,"8",.0,"8",.0,"8",.0,"8",.0,"8",0,"",0,"8","R",0,"9",0,"9",0,"8"
"352190360","P£OCK","2015","08","04",32.7,"",17.6,"",25.6,"",14.0,"",.0,"9","",0,"8",.0,"8",12.4,"",.0,"8",.0,"8",.0,"8",.0,"8",.0,"8",.0,"8",.0,"8",.0,"8",.0,"8",.0,"8",.0,"8",.0,"8",.0,"8",.0,"8",.0,"8",.0,"8",0,"",0,"8","R",0,"9",0,"9",0,"8"
"352190360","P£OCK","2015","08","05",33.7,"",17.3,"",25.7,"",13.4,"",.0,"","",0,"8",.0,"8",11.7,"",.0,"8",.0,"8",.0,"8",.0,"8",.0,"8",.0,"8",.0,"8",.0,"8",.0,"8",.0,"8",.0,"8",.0,"8",.0,"8",.0,"8",.0,"8",.0,"8",0,"",0,"8","R",0,"9",0,"9",0,"8"
"352190360","P£OCK","2015","08","06",31.0,"",16.1,"",23.0,"",15.7,"",.0,"9","",0,"8",.0,"8",13.2,"",.0,"8",.0,"8",.0,"8",.0,"8",.0,"8",.0,"8",.0,"8",.0,"8",.0,"8",.0,"8",.0,"8",.0,"8",.0,"8",.0,"8",.0,"8",.0,"8",0,"",0,"8","R",0,"9",0,"9",0,"8"
"352190360","P£OCK","2015","08","07",34.5,"",20.1,"",27.5,"",17.2,"",.0,"9","",0,"8",.0,"8",13.2,"",.0,"8",.0,"8",.0,"8",.0,"8",.0,"8",.0,"8",.0,"8",.0,"8",.0,"8",.0,"8",.0,"8",.0,"8",.0,"8",.0,"8",.0,"8",.0,"8",0,"",0,"8","R",0,"9",0,"9",0,"8"
"352190360","P£OCK","2015","08","08",36.5,"",19.9,"",28.6,"",16.6,"",.0,"9","",0,"8",.0,"8",13.3,"",.0,"8",.0,"8",.0,"8",.0,"8",.0,"8",.0,"8",.0,"8",.0,"8",.0,"8",.0,"8",.0,"8",.0,"8",.0,"8",.0,"8",.0,"8",.0,"8",0,"",0,"8","R",0,"9",0,"9",0,"8"
"352190360","P£OCK","2015","08","09",30.8,"",20.5,"",23.5,"",19.8,"",.1,"","",0,"8",.0,"8",6.1,"",.0,"8",.0,"8",.0,"8",.0,"8",.0,"8",.0,"8",.0,"8",.0,"8",.0,"8",.0,"8",.0,"8",.0,"8",.0,"8",.0,"8",.0,"8",.0,"8",0,"",0,"8","R",0,"9",0,"9",0,"8"
"352190360","P£OCK","2015","08","10",29.3,"",17.2,"",22.9,"",16.2,"",.0,"9","",0,"8",.0,"8",12.6,"",.0,"8",.0,"8",.0,"8",.0,"8",.0,"8",.0,"8",.0,"8",.0,"8",.0,"8",.0,"8",.0,"8",.0,"8",.0,"8",.0,"8",.0,"8",.0,"8",0,"",0,"8","R",0,"9",0,"9",0,"8"
"352190360","P£OCK","2015","08","11",32.0,"",16.5,"",24.5,"",12.7,"",.0,"9","",0,"8",.0,"8",13.3,"",.0,"8",.0,"8",.0,"8",.0,"8",.0,"8",.0,"8",.0,"8",.0,"8",.0,"8",.0,"8",.0,"8",.0,"8",.0,"8",.0,"8",.0,"8",.0,"8",0,"",0,"8","R",0,"9",0,"9",0,"8"
"352190360","P£OCK","2015","08","12",33.7,"",18.6,"",26.4,"",15.6,"",1.4,"","",0,"8",.0,"8",12.9,"",.0,"8",.0,"8",.0,"8",.0,"8",.0,"8",.0,"8",.0,"8",.0,"8",.0,"8",.0,"8",.0,"8",.0,"8",.0,"8",.0,"8",.0,"8",.0,"8",0,"",0,"8","R",0,"9",0,"9",0,"8"
"352190360","P£OCK","2015","08","13",28.8,"",18.9,"",23.1,"",18.6,"",.0,"9","",0,"8",.0,"8",9.0,"",.0,"8",.0,"8",.0,"8",.0,"8",.0,"8",.0,"8",.0,"8",.0,"8",.0,"8",.0,"8",.0,"8",.0,"8",.0,"8",.0,"8",.0,"8",.0,"8",0,"",0,"8","R",0,"9",0,"9",0,"8"
"352190360","P£OCK","2015","08","14",29.9,"",15.3,"",22.8,"",14.5,"",.0,"9","",0,"8",.0,"8",13.1,"",.0,"8",.0,"8",.0,"8",.0,"8",.0,"8",.0,"8",.0,"8",.0,"8",.0,"8",.0,"8",.0,"8",.0,"8",.0,"8",.0,"8",.0,"8",.0,"8",0,"",0,"8","R",0,"9",0,"9",0,"8"
"352190360","P£OCK","2015","08","15",31.5,"",17.9,"",24.7,"",17.0,"",.0,"9","",0,"8",.0,"8",12.9,"",.0,"8",.0,"8",.0,"8",.0,"8",.0,"8",.0,"8",.0,"8",.0,"8",.0,"8",.0,"8",.0,"8",.0,"8",.0,"8",.0,"8",.0,"8",.0,"8",0,"",0,"8","R",0,"9",0,"9",0,"8"
"352190360","P£OCK","2015","08","16",29.8,"",19.7,"",23.9,"",18.8,"",.0,"9","",0,"8",.0,"8",3.4,"",.0,"8",.0,"8",.0,"8",.0,"8",.0,"8",.0,"8",.0,"8",.0,"8",.0,"8",.0,"8",.0,"8",.0,"8",.0,"8",.0,"8",.0,"8",.0,"8",0,"",0,"8","R",0,"9",0,"9",0,"8"
"352190360","P£OCK","2015","08","17",29.3,"",16.8,"",22.6,"",16.4,"",.0,"9","",0,"8",.0,"8",11.6,"",.0,"8",.0,"8",.0,"8",.0,"8",.0,"8",.0,"8",.0,"8",.0,"8",.0,"8",.0,"8",.0,"8",.0,"8",.0,"8",.0,"8",.0,"8",.0,"8",0,"",0,"8","R",0,"9",0,"9",0,"8"
"352190360","P£OCK","2015","08","18",26.1,"",14.4,"",20.0,"",13.8,"",.0,"9","",0,"8",.0,"8",13.3,"",.0,"8",.0,"8",.0,"8",.0,"8",.0,"8",.0,"8",.0,"8",.0,"8",.0,"8",.0,"8",.0,"8",.0,"8",.0,"8",.0,"8",.0,"8",.0,"8",0,"",0,"8","R",0,"9",0,"9",0,"8"
"352190360","P£OCK","2015","08","19",24.2,"",10.1,"",17.9,"",6.9,"",.0,"9","",0,"8",.0,"8",13.1,"",.0,"8",.0,"8",.0,"8",.0,"8",.0,"8",.0,"8",.0,"8",.0,"8",.0,"8",.0,"8",.0,"8",.0,"8",.0,"8",.0,"8",.0,"8",.0,"8",0,"",0,"8","R",0,"9",0,"9",0,"8"
"352190360","P£OCK","2015","08","20",23.8,"",9.9,"",17.6,"",6.7,"",.0,"9","",0,"8",.0,"8",13.0,"",.0,"8",.0,"8",.0,"8",.0,"8",.0,"8",.0,"8",.0,"8",.0,"8",.0,"8",.0,"8",.0,"8",.0,"8",.0,"8",.0,"8",.0,"8",.0,"8",0,"",0,"8","R",0,"9",0,"9",0,"8"
"352190360","P£OCK","2015","08","21",24.5,"",8.8,"",17.6,"",5.0,"",.0,"","",0,"8",.0,"8",10.0,"",.0,"8",.0,"8",.0,"8",.0,"8",.0,"8",.0,"8",.0,"8",.0,"8",.0,"8",.0,"8",.0,"8",.0,"8",.0,"8",.0,"8",.0,"8",.0,"8",0,"",0,"8","R",0,"9",0,"9",0,"8"
"352190360","P£OCK","2015","08","22",24.6,"",11.2,"",18.0,"",9.0,"",.4,"","",0,"8",.0,"8",4.7,"",.0,"8",.0,"8",.0,"8",.0,"8",.0,"8",.0,"8",.0,"8",.0,"8",.0,"8",.0,"8",.0,"8",.0,"8",.0,"8",.0,"8",.0,"8",.0,"8",0,"",0,"8","R",0,"9",0,"9",0,"8"
"352190360","P£OCK","2015","08","23",27.4,"",13.6,"",20.4,"",11.3,"",.0,"9","",0,"8",.0,"8",7.6,"",.0,"8",.0,"8",.0,"8",.0,"8",.0,"8",.0,"8",.0,"8",.0,"8",.0,"8",.0,"8",.0,"8",.0,"8",.0,"8",.0,"8",.0,"8",.0,"8",0,"",0,"8","R",0,"9",0,"9",0,"8"
"352190360","P£OCK","2015","08","24",29.1,"",14.6,"",21.8,"",11.9,"",.0,"9","",0,"8",.0,"8",11.0,"",.0,"8",.0,"8",.0,"8",.0,"8",.0,"8",.0,"8",.0,"8",.0,"8",.0,"8",.0,"8",.0,"8",.0,"8",.0,"8",.0,"8",.0,"8",.0,"8",0,"",0,"8","R",0,"9",0,"9",0,"8"
"352190360","P£OCK","2015","08","25",26.0,"",15.1,"",18.8,"",14.7,"",8.0,"","",0,"8",.0,"8",.0,"8",.0,"8",.0,"8",.0,"8",.0,"8",.0,"8",.0,"8",.0,"8",.0,"8",.0,"8",.0,"8",.0,"8",.0,"8",.0,"8",.0,"8",.0,"8",.0,"8",0,"",0,"8","R",0,"9",0,"9",0,"8"
"352190360","P£OCK","2015","08","26",24.7,"",12.7,"",18.1,"",11.2,"",.0,"9","",0,"8",.0,"8",10.8,"",.0,"8",.0,"8",.0,"8",.0,"8",.0,"8",.0,"8",.0,"8",.0,"8",.0,"8",.0,"8",.0,"8",.0,"8",.0,"8",.0,"8",.0,"8",.0,"8",0,"",0,"8","R",0,"9",0,"9",0,"8"
"352190360","P£OCK","2015","08","27",29.8,"",12.8,"",21.5,"",8.7,"",.0,"9","",0,"8",.0,"8",12.3,"",.0,"8",.0,"8",.0,"8",.0,"8",.0,"8",.0,"8",.0,"8",.0,"8",.0,"8",.0,"8",.0,"8",.0,"8",.0,"8",.0,"8",.0,"8",.0,"8",0,"",0,"8","R",0,"9",0,"9",0,"8"
"352190360","P£OCK","2015","08","28",24.7,"",17.6,"",20.0,"",11.0,"",.1,"","",0,"8",.0,"8",2.9,"",.0,"8",.0,"8",.0,"8",.0,"8",.0,"8",.0,"8",.0,"8",.0,"8",.0,"8",.0,"8",.0,"8",.0,"8",.0,"8",.0,"8",.0,"8",.0,"8",0,"",0,"8","R",0,"9",0,"9",0,"8"
"352190360","P£OCK","2015","08","29",24.0,"",13.4,"",17.3,"",6.9,"",.0,"9","",0,"8",.0,"8",10.5,"",.0,"8",.0,"8",.0,"8",.0,"8",.0,"8",.0,"8",.0,"8",.0,"8",.0,"8",.0,"8",.0,"8",.0,"8",.0,"8",.0,"8",.0,"8",.0,"8",0,"",0,"8","R",0,"9",0,"9",0,"8"
"352190360","P£OCK","2015","08","30",31.3,"",11.3,"",21.7,"",4.8,"",.0,"9","",0,"8",.0,"8",12.5,"",.0,"8",.0,"8",.0,"8",.0,"8",.0,"8",.0,"8",.0,"8",.0,"8",.0,"8",.0,"8",.0,"8",.0,"8",.0,"8",.0,"8",.0,"8",.0,"8",0,"",0,"8","R",0,"9",0,"9",0,"8"
"352190360","P£OCK","2015","08","31",34.0,"",16.8,"",25.8,"",11.4,"",.0,"9","",0,"8",.0,"8",11.6,"",.0,"8",.0,"8",.0,"8",.0,"8",.0,"8",.0,"8",.0,"8",.0,"8",.0,"8",.0,"8",.0,"8",.0,"8",.0,"8",.0,"8",.0,"8",.0,"8",0,"",0,"8","R",0,"9",0,"9",0,"8"
"352190360","P£OCK","2015","09","01",35.5,"",20.1,"",27.3,"",12.6,"",.0,"","",0,"8",.0,"8",12.0,"",.0,"8",.0,"8",.0,"8",.0,"8",.0,"8",.0,"8",.0,"8",.0,"8",.0,"8",.0,"8",.0,"8",.0,"8",.0,"8",.0,"8",.0,"8",.0,"8",0,"",0,"8","R",0,"9",0,"9",0,"8"
"352190360","P£OCK","2015","09","02",29.4,"",15.0,"",17.3,"",8.9,"",.0,"","",0,"8",.0,"8",1.4,"",.0,"8",.0,"8",.0,"8",.0,"8",.0,"8",.0,"8",.0,"8",.0,"8",.0,"8",.0,"8",.0,"8",.0,"8",.0,"8",.0,"8",.0,"8",.0,"8",0,"",0,"8","R",0,"9",0,"9",0,"8"
"352190360","P£OCK","2015","09","03",21.4,"",9.4,"",15.5,"",3.5,"",.0,"","",0,"8",.0,"8",4.3,"",.0,"8",.0,"8",.0,"8",.0,"8",.0,"8",.0,"8",.0,"8",.0,"8",.0,"8",.0,"8",.0,"8",.0,"8",.0,"8",.0,"8",.0,"8",.0,"8",0,"",0,"8","R",0,"9",0,"9",0,"8"
"352190360","P£OCK","2015","09","04",17.7,"",12.2,"",14.6,"",4.9,"",.1,"","",0,"8",.0,"8",.1,"",.0,"8",.0,"8",.0,"8",.0,"8",.0,"8",.0,"8",.0,"8",.0,"8",.0,"8",.0,"8",.0,"8",.0,"8",.0,"8",.0,"8",.0,"8",.0,"8",0,"",0,"8","R",0,"9",0,"9",0,"8"
"352190360","P£OCK","2015","09","05",22.8,"",7.8,"",15.2,"",.0,"8",.0,"9","",0,"8",.0,"8",6.5,"",.0,"8",.0,"8",.0,"8",.0,"8",.0,"8",.0,"8",.0,"8",.0,"8",.0,"8",.0,"8",.0,"8",.0,"8",.0,"8",.0,"8",.0,"8",.0,"8",0,"",0,"8","R",0,"9",0,"9",0,"8"
"352190360","P£OCK","2015","09","06",15.8,"",10.5,"",12.3,"",.0,"8",10.5,"","",0,"8",.0,"8",1.2,"",.0,"8",.0,"8",.0,"8",.0,"8",.0,"8",.0,"8",.0,"8",.0,"8",.0,"8",.0,"8",.0,"8",.0,"8",.0,"8",.0,"8",.0,"8",.0,"8",0,"",0,"8","R",0,"9",0,"9",0,"8"
"352190360","P£OCK","2015","09","07",14.5,"",10.4,"",11.9,"",.0,"8",.8,"","",0,"8",.0,"8",.1,"",.0,"8",.0,"8",.0,"8",.0,"8",.0,"8",.0,"8",.0,"8",.0,"8",.0,"8",.0,"8",.0,"8",.0,"8",.0,"8",.0,"8",.0,"8",.0,"8",0,"",0,"8","R",0,"9",0,"9",0,"8"
"352190360","P£OCK","2015","09","08",15.7,"",9.3,"",11.3,"",.0,"8",4.8,"","",0,"8",.0,"8",2.4,"",.0,"8",.0,"8",.0,"8",.0,"8",.0,"8",.0,"8",.0,"8",.0,"8",.0,"8",.0,"8",.0,"8",.0,"8",.0,"8",.0,"8",.0,"8",.0,"8",0,"",0,"8","",0,"9",0,"9",0,"8"
"352190360","P£OCK","2015","09","09",18.9,"",6.4,"",11.8,"",5.3,"",.0,"9","",0,"8",.0,"8",7.0,"",.0,"8",.0,"8",.0,"8",.0,"8",.0,"8",.0,"8",.0,"8",.0,"8",.0,"8",.0,"8",.0,"8",.0,"8",.0,"8",.0,"8",.0,"8",.0,"8",0,"",0,"8","",0,"9",0,"9",0,"8"
"352190360","P£OCK","2015","09","10",19.9,"",9.7,"",14.5,"",7.5,"",.0,"9","",0,"8",.0,"8",9.2,"",.0,"8",.0,"8",.0,"8",.0,"8",.0,"8",.0,"8",.0,"8",.0,"8",.0,"8",.0,"8",.0,"8",.0,"8",.0,"8",.0,"8",.0,"8",.0,"8",0,"",0,"8","R",0,"9",0,"9",0,"8"
"352190360","P£OCK","2015","09","11",19.8,"",10.7,"",15.3,"",10.0,"",.1,"","",0,"8",.0,"8",4.6,"",.0,"8",.0,"8",.0,"8",.0,"8",.0,"8",.0,"8",.0,"8",.0,"8",.0,"8",.0,"8",.0,"8",.0,"8",.0,"8",.0,"8",.0,"8",.0,"8",0,"",0,"8","R",0,"9",0,"9",0,"8"
"352190360","P£OCK","2015","09","12",16.9,"",11.7,"",13.2,"",11.5,"",3.5,"","",0,"8",.0,"8",.0,"9",.0,"8",.0,"8",.0,"8",.0,"8",.0,"8",.0,"8",.0,"8",.0,"8",.0,"8",.0,"8",.0,"8",.0,"8",.0,"8",.0,"8",.0,"8",.0,"8",0,"",0,"8","R",0,"9",0,"9",0,"8"
"352190360","P£OCK","2015","09","13",19.4,"",11.1,"",14.6,"",10.5,"",.0,"9","",0,"8",.0,"8",5.2,"",.0,"8",.0,"8",.0,"8",.0,"8",.0,"8",.0,"8",.0,"8",.0,"8",.0,"8",.0,"8",.0,"8",.0,"8",.0,"8",.0,"8",.0,"8",.0,"8",0,"",0,"8","R",0,"9",0,"9",0,"8"
"352190360","P£OCK","2015","09","14",21.3,"",11.0,"",16.6,"",10.5,"",1.2,"","",0,"8",.0,"8",5.6,"",.0,"8",.0,"8",.0,"8",.0,"8",.0,"8",.0,"8",.0,"8",.0,"8",.0,"8",.0,"8",.0,"8",.0,"8",.0,"8",.0,"8",.0,"8",.0,"8",0,"",0,"8","R",0,"9",0,"9",0,"8"
"352190360","P£OCK","2015","09","15",23.0,"",14.9,"",18.2,"",13.5,"",11.4,"","",0,"8",.0,"8",5.8,"",.0,"8",.0,"8",.0,"8",.0,"8",.0,"8",.0,"8",.0,"8",.0,"8",.0,"8",.0,"8",.0,"8",.0,"8",.0,"8",.0,"8",.0,"8",.0,"8",0,"",0,"8","R",0,"9",0,"9",0,"8"
"352190360","P£OCK","2015","09","16",24.3,"",16.8,"",19.4,"",16.5,"",.0,"9","",0,"8",.0,"8",3.8,"",.0,"8",.0,"8",.0,"8",.0,"8",.0,"8",.0,"8",.0,"8",.0,"8",.0,"8",.0,"8",.0,"8",.0,"8",.0,"8",.0,"8",.0,"8",.0,"8",0,"",0,"8","R",0,"9",0,"9",0,"8"
"352190360","P£OCK","2015","09","17",29.6,"",15.8,"",22.4,"",12.8,"",.0,"9","",0,"8",.0,"8",11.4,"",.0,"8",.0,"8",.0,"8",.0,"8",.0,"8",.0,"8",.0,"8",.0,"8",.0,"8",.0,"8",.0,"8",.0,"8",.0,"8",.0,"8",.0,"8",.0,"8",0,"",0,"8","R",0,"9",0,"9",0,"8"
"352190360","P£OCK","2015","09","18",23.3,"",15.4,"",17.1,"",12.1,"",.0,"9","",0,"8",.0,"8",2.8,"",.0,"8",.0,"8",.0,"8",.0,"8",.0,"8",.0,"8",.0,"8",.0,"8",.0,"8",.0,"8",.0,"8",.0,"8",.0,"8",.0,"8",.0,"8",.0,"8",0,"",0,"8","R",0,"9",0,"9",0,"8"
"352190360","P£OCK","2015","09","19",22.2,"",10.4,"",16.2,"",7.7,"",.0,"","",0,"8",.0,"8",7.6,"",.0,"8",.0,"8",.0,"8",.0,"8",.0,"8",.0,"8",.0,"8",.0,"8",.0,"8",.0,"8",.0,"8",.0,"8",.0,"8",.0,"8",.0,"8",.0,"8",0,"",0,"8","R",0,"9",0,"9",0,"8"
"352190360","P£OCK","2015","09","20",17.1,"",10.8,"",13.1,"",8.4,"",2.6,"","",0,"8",.0,"8",.2,"",.0,"8",.0,"8",.0,"8",.0,"8",.0,"8",.0,"8",.0,"8",.0,"8",.0,"8",.0,"8",.0,"8",.0,"8",.0,"8",.0,"8",.0,"8",.0,"8",0,"",0,"8","R",0,"9",0,"9",0,"8"
"352190360","P£OCK","2015","09","21",15.1,"",8.6,"",11.1,"",7.3,"",1.0,"","",0,"8",.0,"8",2.5,"",.0,"8",.0,"8",.0,"8",.0,"8",.0,"8",.0,"8",.0,"8",.0,"8",.0,"8",.0,"8",.0,"8",.0,"8",.0,"8",.0,"8",.0,"8",.0,"8",0,"",0,"8","R",0,"9",0,"9",0,"8"
"352190360","P£OCK","2015","09","22",18.7,"",6.2,"",12.3,"",3.3,"",.0,"9","",0,"8",.0,"8",9.2,"",.0,"8",.0,"8",.0,"8",.0,"8",.0,"8",.0,"8",.0,"8",.0,"8",.0,"8",.0,"8",.0,"8",.0,"8",.0,"8",.0,"8",.0,"8",.0,"8",0,"",0,"8","R",0,"9",0,"9",0,"8"
"352190360","P£OCK","2015","09","23",20.5,"",11.0,"",14.5,"",10.6,"",.0,"9","",0,"8",.0,"8",1.4,"",.0,"8",.0,"8",.0,"8",.0,"8",.0,"8",.0,"8",.0,"8",.0,"8",.0,"8",.0,"8",.0,"8",.0,"8",.0,"8",.0,"8",.0,"8",.0,"8",0,"",0,"8","R",0,"9",0,"9",0,"8"
"352190360","P£OCK","2015","09","24",20.8,"",9.2,"",14.9,"",6.4,"",.0,"9","",0,"8",.0,"8",8.4,"",.0,"8",.0,"8",.0,"8",.0,"8",.0,"8",.0,"8",.0,"8",.0,"8",.0,"8",.0,"8",.0,"8",.0,"8",.0,"8",.0,"8",.0,"8",.0,"8",0,"",0,"8","R",0,"9",0,"9",0,"8"
"352190360","P£OCK","2015","09","25",19.9,"",8.9,"",14.6,"",6.9,"",.0,"9","",0,"8",.0,"8",5.5,"",.0,"8",.0,"8",.0,"8",.0,"8",.0,"8",.0,"8",.0,"8",.0,"8",.0,"8",.0,"8",.0,"8",.0,"8",.0,"8",.0,"8",.0,"8",.0,"8",0,"",0,"8","R",0,"9",0,"9",0,"8"
"352190360","P£OCK","2015","09","26",17.1,"",11.6,"",13.2,"",10.6,"",.0,"9","",0,"8",.0,"8",.7,"",.0,"8",.0,"8",.0,"8",.0,"8",.0,"8",.0,"8",.0,"8",.0,"8",.0,"8",.0,"8",.0,"8",.0,"8",.0,"8",.0,"8",.0,"8",.0,"8",0,"",0,"8","R",0,"9",0,"9",0,"8"
"352190360","P£OCK","2015","09","27",17.4,"",6.0,"",10.8,"",2.8,"",.0,"","",0,"8",.0,"8",7.4,"",.0,"8",.0,"8",.0,"8",.0,"8",.0,"8",.0,"8",.0,"8",.0,"8",.0,"8",.0,"8",.0,"8",.0,"8",.0,"8",.0,"8",.0,"8",.0,"8",0,"",0,"8","R",0,"9",0,"9",0,"8"
"352190360","P£OCK","2015","09","28",16.2,"",4.1,"",9.8,"",.1,"",.0,"9","",0,"8",.0,"8",3.3,"",.0,"8",.0,"8",.0,"8",.0,"8",.0,"8",.0,"8",.0,"8",.0,"8",.0,"8",.0,"8",.0,"8",.0,"8",.0,"8",.0,"8",.0,"8",.0,"8",0,"",0,"8","R",0,"9",0,"9",0,"8"
"352190360","P£OCK","2015","09","29",15.1,"",4.5,"",10.4,"",.6,"",.0,"9","",0,"8",.0,"8",6.3,"",.0,"8",.0,"8",.0,"8",.0,"8",.0,"8",.0,"8",.0,"8",.0,"8",.0,"8",.0,"8",.0,"8",.0,"8",.0,"8",.0,"8",.0,"8",.0,"8",0,"",0,"8","R",0,"9",0,"9",0,"8"
"352190360","P£OCK","2015","09","30",14.7,"",6.5,"",9.5,"",2.5,"",.0,"9","",0,"8",.0,"8",5.8,"",.0,"8",.0,"8",.0,"8",.0,"8",.0,"8",.0,"8",.0,"8",.0,"8",.0,"8",.0,"8",.0,"8",.0,"8",.0,"8",.0,"8",.0,"8",.0,"8",0,"",0,"8","R",0,"9",0,"9",0,"8"
"352190360","P£OCK","2015","10","01",16.8,"",.5,"",8.2,"",-2.1,"",.0,"9","",0,"8",.0,"8",8.9,"",.0,"8",.0,"8",.0,"8",.0,"8",.0,"8",.0,"8",.0,"8",.0,"8",.0,"8",.0,"8",.0,"8",.0,"8",.0,"8",.0,"8",.0,"8",.0,"8",0,"",0,"8","R",0,"9",0,"9",0,"8"
"352190360","P£OCK","2015","10","02",19.2,"",4.2,"",10.5,"",.0,"",.0,"9","",0,"8",.0,"8",9.2,"",.0,"8",.0,"8",.0,"8",.0,"8",.0,"8",.0,"8",.0,"8",.0,"8",.0,"8",.0,"8",.0,"8",.0,"8",.0,"8",.0,"8",.0,"8",.0,"8",0,"",0,"8","R",0,"9",0,"9",0,"8"
"352190360","P£OCK","2015","10","03",21.0,"",1.4,"",11.8,"",-1.6,"",.0,"9","",0,"8",.0,"8",10.4,"",.0,"8",.0,"8",.0,"8",.0,"8",.0,"8",.0,"8",.0,"8",.0,"8",.0,"8",.0,"8",.0,"8",.0,"8",.0,"8",.0,"8",.0,"8",.0,"8",0,"",0,"8","R",0,"9",0,"9",0,"8"
"352190360","P£OCK","2015","10","04",22.6,"",9.9,"",15.5,"",8.4,"",.0,"9","",0,"8",.0,"8",10.3,"",.0,"8",.0,"8",.0,"8",.0,"8",.0,"8",.0,"8",.0,"8",.0,"8",.0,"8",.0,"8",.0,"8",.0,"8",.0,"8",.0,"8",.0,"8",.0,"8",0,"",0,"8","R",0,"9",0,"9",0,"8"
"352190360","P£OCK","2015","10","05",17.7,"",8.4,"",11.6,"",4.9,"",.0,"9","",0,"8",.0,"8",7.3,"",.0,"8",.0,"8",.0,"8",.0,"8",.0,"8",.0,"8",.0,"8",.0,"8",.0,"8",.0,"8",.0,"8",.0,"8",.0,"8",.0,"8",.0,"8",.0,"8",0,"",0,"8","R",0,"9",0,"9",0,"8"
"352190360","P£OCK","2015","10","06",14.2,"",5.7,"",11.7,"",2.9,"",.0,"9","",0,"8",.0,"8",.0,"9",.0,"8",.0,"8",.0,"8",.0,"8",.0,"8",.0,"8",.0,"8",.0,"8",.0,"8",.0,"8",.0,"8",.0,"8",.0,"8",.0,"8",.0,"8",.0,"8",0,"",0,"8","R",0,"9",0,"9",0,"8"
"352190360","P£OCK","2015","10","07",13.0,"",3.7,"",7.0,"",3.5,"",.0,"9","",0,"8",.0,"8",10.2,"",.0,"8",.0,"8",.0,"8",.0,"8",.0,"8",.0,"8",.0,"8",.0,"8",.0,"8",.0,"8",.0,"8",.0,"8",.0,"8",.0,"8",.0,"8",.0,"8",0,"",0,"8","R",0,"9",0,"9",0,"8"
"352190360","P£OCK","2015","10","08",11.5,"",.6,"",5.1,"",-.3,"",.0,"9","",0,"8",.0,"8",10.2,"",.0,"8",.0,"8",.0,"8",.0,"8",.0,"8",.0,"8",.0,"8",.0,"8",.0,"8",.0,"8",.0,"8",.0,"8",.0,"8",.0,"8",.0,"8",.0,"8",0,"",0,"8","",0,"9",0,"9",0,"8"
"352190360","P£OCK","2015","10","09",9.1,"",-1.5,"",3.3,"",-4.9,"",.0,"9","",0,"8",.0,"8",9.7,"",.0,"8",.0,"8",.0,"8",.0,"8",.0,"8",.0,"8",.0,"8",.0,"8",.0,"8",.0,"8",.0,"8",.0,"8",.0,"8",.0,"8",.0,"8",.0,"8",0,"",0,"8","R",1,"",0,"9",0,"8"
"352190360","P£OCK","2015","10","10",8.8,"",-3.2,"",2.4,"",-6.7,"",.0,"9","",0,"8",.0,"8",10.4,"",.0,"8",.0,"8",.0,"8",.0,"8",.0,"8",.0,"8",.0,"8",.0,"8",.0,"8",.0,"8",.0,"8",.0,"8",.0,"8",.0,"8",.0,"8",.0,"8",0,"",0,"8","R",0,"9",0,"9",0,"8"
"352190360","P£OCK","2015","10","11",7.8,"",-2.5,"",2.4,"",-4.9,"",.0,"9","",0,"8",.0,"8",9.9,"",.0,"8",.0,"8",.0,"8",.0,"8",.0,"8",.0,"8",.0,"8",.0,"8",.0,"8",.0,"8",.0,"8",.0,"8",.0,"8",.0,"8",.0,"8",.0,"8",0,"",0,"8","R",1,"",0,"9",0,"8"
"352190360","P£OCK","2015","10","12",5.2,"",-1.0,"",1.7,"",-3.3,"",5.4,"","",0,"8",.0,"8",.0,"9",.0,"8",.0,"8",.0,"8",.0,"8",.0,"8",.0,"8",.0,"8",.0,"8",.0,"8",.0,"8",.0,"8",.0,"8",.0,"8",.0,"8",.0,"8",.0,"8",0,"",0,"8","R",1,"",0,"9",0,"8"
"352190360","P£OCK","2015","10","13",.0,"8",.0,"8",.0,"8",.0,"8",.2,"","",0,"8",.0,"8",.0,"8",.0,"8",.0,"8",.0,"8",.0,"8",.0,"8",.0,"8",.0,"8",.0,"8",.0,"8",.0,"8",.0,"8",.0,"8",.0,"8",.0,"8",.0,"8",.0,"8",0,"",0,"8","R",0,"8",0,"8",0,"8"
"352190360","P£OCK","2015","10","14",.0,"8",.0,"8",.0,"8",.0,"8",.0,"9","",0,"8",.0,"8",.0,"8",.0,"8",.0,"8",.0,"8",.0,"8",.0,"8",.0,"8",.0,"8",.0,"8",.0,"8",.0,"8",.0,"8",.0,"8",.0,"8",.0,"8",.0,"8",.0,"8",0,"",0,"8","",0,"9",0,"9",0,"8"
"352190360","P£OCK","2015","10","15",10.9,"",4.3,"",7.6,"",3.4,"",3.9,"","",0,"8",.0,"8",.0,"9",.0,"8",.0,"8",.0,"8",.0,"8",.0,"8",.0,"8",.0,"8",.0,"8",.0,"8",.0,"8",.0,"8",.0,"8",.0,"8",.0,"8",.0,"8",.0,"8",0,"",0,"8","R",0,"9",0,"9",0,"8"
"352190360","P£OCK","2015","10","16",11.8,"",6.4,"",9.1,"",6.1,"",3.8,"","",0,"8",.0,"8",.0,"9",.0,"8",.0,"8",.0,"8",.0,"8",.0,"8",.0,"8",.0,"8",.0,"8",.0,"8",.0,"8",.0,"8",.0,"8",.0,"8",.0,"8",.0,"8",.0,"8",0,"",0,"8","R",0,"9",0,"9",0,"8"
"352190360","P£OCK","2015","10","17",11.0,"",9.0,"",9.6,"",8.5,"",18.5,"","",0,"8",.0,"8",.0,"9",.0,"8",.0,"8",.0,"8",.0,"8",.0,"8",.0,"8",.0,"8",.0,"8",.0,"8",.0,"8",.0,"8",.0,"8",.0,"8",.0,"8",.0,"8",.0,"8",0,"",0,"8","R",0,"9",0,"9",0,"8"
"352190360","P£OCK","2015","10","18",9.6,"",8.1,"",8.9,"",7.9,"",9.9,"","",0,"8",.0,"8",.0,"9",.0,"8",.0,"8",.0,"8",.0,"8",.0,"8",.0,"8",.0,"8",.0,"8",.0,"8",.0,"8",.0,"8",.0,"8",.0,"8",.0,"8",.0,"8",.0,"8",0,"",0,"8","R",0,"9",0,"9",0,"8"
"352190360","P£OCK","2015","10","19",9.4,"",6.5,"",7.9,"",6.7,"",.2,"","",0,"8",.0,"8",.7,"",.0,"8",.0,"8",.0,"8",.0,"8",.0,"8",.0,"8",.0,"8",.0,"8",.0,"8",.0,"8",.0,"8",.0,"8",.0,"8",.0,"8",.0,"8",.0,"8",0,"",0,"8","R",0,"9",0,"9",0,"8"
"352190360","P£OCK","2015","10","20",9.0,"",7.3,"",7.9,"",7.0,"",1.4,"","",0,"8",.0,"8",.0,"8",.0,"8",.0,"8",.0,"8",.0,"8",.0,"8",.0,"8",.0,"8",.0,"8",.0,"8",.0,"8",.0,"8",.0,"8",.0,"8",.0,"8",.0,"8",.0,"8",0,"",0,"8","R",0,"9",0,"9",0,"8"
"352190360","P£OCK","2015","10","21",8.5,"",5.9,"",7.5,"",6.2,"",.0,"","",0,"8",.0,"8",.0,"9",.0,"8",.0,"8",.0,"8",.0,"8",.0,"8",.0,"8",.0,"8",.0,"8",.0,"8",.0,"8",.0,"8",.0,"8",.0,"8",.0,"8",.0,"8",.0,"8",0,"",0,"8","R",0,"9",0,"9",0,"8"
"352190360","P£OCK","2015","10","22",10.9,"",7.2,"",8.5,"",3.7,"",.6,"","",0,"8",.0,"8",.2,"",.0,"8",.0,"8",.0,"8",.0,"8",.0,"8",.0,"8",.0,"8",.0,"8",.0,"8",.0,"8",.0,"8",.0,"8",.0,"8",.0,"8",.0,"8",.0,"8",0,"",0,"8","R",0,"9",0,"9",0,"8"
"352190360","P£OCK","2015","10","23",11.4,"",6.8,"",10.2,"",5.2,"",.0,"","",0,"8",.0,"8",.0,"9",.0,"8",.0,"8",.0,"8",.0,"8",.0,"8",.0,"8",.0,"8",.0,"8",.0,"8",.0,"8",.0,"8",.0,"8",.0,"8",.0,"8",.0,"8",.0,"8",0,"",0,"8","R",0,"9",0,"9",0,"8"
"352190360","P£OCK","2015","10","24",10.8,"",6.4,"",7.6,"",3.5,"",.0,"9","",0,"8",.0,"8",.0,"9",.0,"8",.0,"8",.0,"8",.0,"8",.0,"8",.0,"8",.0,"8",.0,"8",.0,"8",.0,"8",.0,"8",.0,"8",.0,"8",.0,"8",.0,"8",.0,"8",0,"",0,"8","R",0,"9",0,"9",0,"8"
"352190360","P£OCK","2015","10","25",10.3,"",2.4,"",6.7,"",-.6,"",.1,"","",0,"8",.0,"8",.5,"",.0,"8",.0,"8",.0,"8",.0,"8",.0,"8",.0,"8",.0,"8",.0,"8",.0,"8",.0,"8",.0,"8",.0,"8",.0,"8",.0,"8",.0,"8",.0,"8",0,"",0,"8","R",0,"9",0,"9",0,"8"
"352190360","P£OCK","2015","10","26",11.3,"",3.6,"",6.1,"",-.1,"",.0,"9","",0,"8",.0,"8",7.2,"",.0,"8",.0,"8",.0,"8",.0,"8",.0,"8",.0,"8",.0,"8",.0,"8",.0,"8",.0,"8",.0,"8",.0,"8",.0,"8",.0,"8",.0,"8",.0,"8",0,"",0,"8","R",0,"9",0,"9",0,"8"
"352190360","P£OCK","2015","10","27",11.2,"",-.7,"",4.0,"",-2.5,"",.2,"","",0,"8",.0,"8",7.9,"",.0,"8",.0,"8",.0,"8",.0,"8",.0,"8",.0,"8",.0,"8",.0,"8",.0,"8",.0,"8",.0,"8",.0,"8",.0,"8",.0,"8",.0,"8",.0,"8",0,"",0,"8","R",1,"",0,"9",0,"8"
"352190360","P£OCK","2015","10","28",10.9,"",.4,"",5.4,"",-2.6,"",.0,"9","",0,"8",.0,"8",.0,"8",.0,"8",.0,"8",.0,"8",.0,"8",.0,"8",.0,"8",.0,"8",.0,"8",.0,"8",.0,"8",.0,"8",.0,"8",.0,"8",.0,"8",.0,"8",.0,"8",0,"",0,"8","R",0,"9",0,"9",0,"8"
"352190360","P£OCK","2015","10","29",7.9,"",2.6,"",5.5,"",1.8,"",.0,"9","",0,"8",.0,"8",.8,"",.0,"8",.0,"8",.0,"8",.0,"8",.0,"8",.0,"8",.0,"8",.0,"8",.0,"8",.0,"8",.0,"8",.0,"8",.0,"8",.0,"8",.0,"8",.0,"8",0,"",0,"8","R",0,"9",0,"9",0,"8"
"352190360","P£OCK","2015","10","30",11.7,"",6.3,"",7.7,"",3.3,"",.0,"9","",0,"8",.0,"8",5.4,"",.0,"8",.0,"8",.0,"8",.0,"8",.0,"8",.0,"8",.0,"8",.0,"8",.0,"8",.0,"8",.0,"8",.0,"8",.0,"8",.0,"8",.0,"8",.0,"8",0,"",0,"8","R",0,"9",0,"9",0,"8"
"352190360","P£OCK","2015","10","31",10.1,"",1.2,"",4.7,"",-3.1,"",.0,"9","",0,"8",.0,"8",4.4,"",.0,"8",.0,"8",.0,"8",.0,"8",.0,"8",.0,"8",.0,"8",.0,"8",.0,"8",.0,"8",.0,"8",.0,"8",.0,"8",.0,"8",.0,"8",.0,"8",0,"",0,"8","R",0,"9",0,"9",0,"8"
"352190360","P£OCK","2015","11","01",14.0,"",2.1,"",7.6,"",-2.3,"",.0,"9","",0,"8",.0,"8",6.7,"",.0,"8",.0,"8",.0,"8",.0,"8",.0,"8",.0,"8",.0,"8",.0,"8",.0,"8",.0,"8",.0,"8",.0,"8",.0,"8",.0,"8",.0,"8",.0,"8",0,"",0,"8","R",0,"9",0,"9",0,"8"
"352190360","P£OCK","2015","11","02",13.0,"",3.1,"",6.7,"",.3,"",.1,"","",0,"8",.0,"8",7.7,"",.0,"8",.0,"8",.0,"8",.0,"8",.0,"8",.0,"8",.0,"8",.0,"8",.0,"8",.0,"8",.0,"8",.0,"8",.0,"8",.0,"8",.0,"8",.0,"8",0,"",0,"8","R",0,"9",0,"9",0,"8"
"352190360","P£OCK","2015","11","03",7.1,"",-.6,"",2.0,"",-2.2,"",.0,"","",0,"8",.0,"8",2.5,"",.0,"8",.0,"8",.0,"8",.0,"8",.0,"8",.0,"8",.0,"8",.0,"8",.0,"8",.0,"8",.0,"8",.0,"8",.0,"8",.0,"8",.0,"8",.0,"8",0,"",0,"8","R",0,"9",0,"9",0,"8"
"352190360","P£OCK","2015","11","04",1.8,"",-1.8,"",.5,"",-6.0,"",.1,"","",0,"8",.0,"8",.0,"9",.0,"8",.0,"8",.0,"8",.0,"8",.0,"8",.0,"8",.0,"8",.0,"8",.0,"8",.0,"8",.0,"8",.0,"8",.0,"8",.0,"8",.0,"8",.0,"8",0,"",0,"8","R",1,"",0,"9",0,"8"
"352190360","P£OCK","2015","11","05",5.1,"",.8,"",3.1,"",.9,"",.0,"","",0,"8",.0,"8",.0,"9",.0,"8",.0,"8",.0,"8",.0,"8",.0,"8",.0,"8",.0,"8",.0,"8",.0,"8",.0,"8",.0,"8",.0,"8",.0,"8",.0,"8",.0,"8",.0,"8",0,"",0,"8","R",0,"9",0,"9",0,"8"
"352190360","P£OCK","2015","11","06",4.4,"",1.4,"",2.1,"",1.7,"",.1,"","",0,"8",.0,"8",.0,"9",.0,"8",.0,"8",.0,"8",.0,"8",.0,"8",.0,"8",.0,"8",.0,"8",.0,"8",.0,"8",.0,"8",.0,"8",.0,"8",.0,"8",.0,"8",.0,"8",0,"",0,"8","R",0,"9",0,"9",0,"8"
"352190360","P£OCK","2015","11","07",9.0,"",1.5,"",5.8,"",1.4,"",2.3,"","",0,"8",.0,"8",.0,"9",.0,"8",.0,"8",.0,"8",.0,"8",.0,"8",.0,"8",.0,"8",.0,"8",.0,"8",.0,"8",.0,"8",.0,"8",.0,"8",.0,"8",.0,"8",.0,"8",0,"",0,"8","R",0,"9",0,"9",0,"8"
"352190360","P£OCK","2015","11","08",15.0,"",9.0,"",12.0,"",8.3,"",.0,"9","",0,"8",.0,"8",7.1,"",.0,"8",.0,"8",.0,"8",.0,"8",.0,"8",.0,"8",.0,"8",.0,"8",.0,"8",.0,"8",.0,"8",.0,"8",.0,"8",.0,"8",.0,"8",.0,"8",0,"",0,"8","R",0,"9",0,"9",0,"8"
"352190360","P£OCK","2015","11","09",12.8,"",4.6,"",8.9,"",1.4,"",4.9,"","",0,"8",.0,"8",.0,"9",.0,"8",.0,"8",.0,"8",.0,"8",.0,"8",.0,"8",.0,"8",.0,"8",.0,"8",.0,"8",.0,"8",.0,"8",.0,"8",.0,"8",.0,"8",.0,"8",0,"",0,"8","R",0,"9",0,"9",0,"8"
"352190360","P£OCK","2015","11","10",14.2,"",10.0,"",12.3,"",9.1,"",1.8,"","",0,"8",.0,"8",.0,"9",.0,"8",.0,"8",.0,"8",.0,"8",.0,"8",.0,"8",.0,"8",.0,"8",.0,"8",.0,"8",.0,"8",.0,"8",.0,"8",.0,"8",.0,"8",.0,"8",0,"",0,"8","R",0,"9",0,"9",0,"8"
"352190360","P£OCK","2015","11","11",14.8,"",13.1,"",13.9,"",12.4,"",.4,"","",0,"8",.0,"8",.1,"",.0,"8",.0,"8",.0,"8",.0,"8",.0,"8",.0,"8",.0,"8",.0,"8",.0,"8",.0,"8",.0,"8",.0,"8",.0,"8",.0,"8",.0,"8",.0,"8",0,"",0,"8","R",0,"9",0,"9",0,"8"
"352190360","P£OCK","2015","11","12",14.1,"",10.6,"",11.6,"",9.4,"",.0,"","",0,"8",.0,"8",.0,"9",.0,"8",.0,"8",.0,"8",.0,"8",.0,"8",.0,"8",.0,"8",.0,"8",.0,"8",.0,"8",.0,"8",.0,"8",.0,"8",.0,"8",.0,"8",.0,"8",0,"",0,"8","R",0,"9",0,"9",0,"8"
"352190360","P£OCK","2015","11","13",11.2,"",4.2,"",7.5,"",2.1,"",6.6,"","",0,"8",.0,"8",.0,"9",.0,"8",.0,"8",.0,"8",.0,"8",.0,"8",.0,"8",.0,"8",.0,"8",.0,"8",.0,"8",.0,"8",.0,"8",.0,"8",.0,"8",.0,"8",.0,"8",0,"",0,"8","R",0,"9",0,"9",0,"8"
"352190360","P£OCK","2015","11","14",10.2,"",6.1,"",7.7,"",5.1,"",.0,"","",0,"8",.0,"8",.0,"9",.0,"8",.0,"8",.0,"8",.0,"8",.0,"8",.0,"8",.0,"8",.0,"8",.0,"8",.0,"8",.0,"8",.0,"8",.0,"8",.0,"8",.0,"8",.0,"8",0,"",0,"8","R",0,"9",0,"9",0,"8"
"352190360","P£OCK","2015","11","15",7.3,"",5.2,"",5.6,"",4.3,"",4.2,"","",0,"8",.0,"8",.0,"9",.0,"8",.0,"8",.0,"8",.0,"8",.0,"8",.0,"8",.0,"8",.0,"8",.0,"8",.0,"8",.0,"8",.0,"8",.0,"8",.0,"8",.0,"8",.0,"8",0,"",0,"8","R",0,"9",0,"9",0,"8"
"352190360","P£OCK","2015","11","16",6.9,"",3.6,"",5.5,"",3.0,"",.4,"","",0,"8",.0,"8",.1,"",.0,"8",.0,"8",.0,"8",.0,"8",.0,"8",.0,"8",.0,"8",.0,"8",.0,"8",.0,"8",.0,"8",.0,"8",.0,"8",.0,"8",.0,"8",.0,"8",0,"",0,"8","R",0,"9",0,"9",0,"8"
"352190360","P£OCK","2015","11","17",10.2,"",5.7,"",9.5,"",5.7,"",3.8,"","",0,"8",.0,"8",.0,"9",.0,"8",.0,"8",.0,"8",.0,"8",.0,"8",.0,"8",.0,"8",.0,"8",.0,"8",.0,"8",.0,"8",.0,"8",.0,"8",.0,"8",.0,"8",.0,"8",0,"",0,"8","R",0,"9",0,"9",0,"8"
"352190360","P£OCK","2015","11","18",12.5,"",8.9,"",10.6,"",8.0,"",3.1,"","",0,"8",.0,"8",.1,"",.0,"8",.0,"8",.0,"8",.0,"8",.0,"8",.0,"8",.0,"8",.0,"8",.0,"8",.0,"8",.0,"8",.0,"8",.0,"8",.0,"8",.0,"8",.0,"8",0,"",0,"8","R",0,"9",0,"9",0,"8"
"352190360","P£OCK","2015","11","19",12.8,"",7.3,"",9.7,"",6.3,"",.3,"","",0,"8",.0,"8",2.9,"",.0,"8",.0,"8",.0,"8",.0,"8",.0,"8",.0,"8",.0,"8",.0,"8",.0,"8",.0,"8",.0,"8",.0,"8",.0,"8",.0,"8",.0,"8",.0,"8",0,"",0,"8","R",0,"9",0,"9",0,"8"
"352190360","P£OCK","2015","11","20",9.7,"",5.6,"",7.7,"",3.8,"",.2,"","",0,"8",.0,"8",.2,"",.0,"8",.0,"8",.0,"8",.0,"8",.0,"8",.0,"8",.0,"8",.0,"8",.0,"8",.0,"8",.0,"8",.0,"8",.0,"8",.0,"8",.0,"8",.0,"8",0,"",0,"8","R",0,"9",0,"9",0,"8"
"352190360","P£OCK","2015","11","21",6.3,"",2.8,"",4.5,"",.9,"",4.1,"","",0,"8",.0,"8",.0,"9",.0,"8",.0,"8",.0,"8",.0,"8",.0,"8",.0,"8",.0,"8",.0,"8",.0,"8",.0,"8",.0,"8",.0,"8",.0,"8",.0,"8",.0,"8",.0,"8",0,"",0,"8","R",0,"9",0,"9",0,"8"
"352190360","P£OCK","2015","11","22",3.5,"",1.5,"",2.5,"",-1.2,"",.1,"","",0,"8",.0,"8",.2,"",.0,"8",.0,"8",.0,"8",.0,"8",.0,"8",.0,"8",.0,"8",.0,"8",.0,"8",.0,"8",.0,"8",.0,"8",.0,"8",.0,"8",.0,"8",.0,"8",0,"",0,"8","R",0,"9",0,"9",0,"8"
"352190360","P£OCK","2015","11","23",2.7,"",-2.0,"",-.6,"",-4.7,"",.0,"","",0,"8",.0,"8",2.9,"",.0,"8",.0,"8",.0,"8",.0,"8",.0,"8",.0,"8",.0,"8",.0,"8",.0,"8",.0,"8",.0,"8",.0,"8",.0,"8",.0,"8",.0,"8",.0,"8",0,"",0,"8","R",1,"",0,"9",0,"8"
"352190360","P£OCK","2015","11","24",2.2,"",-3.1,"",-.5,"",-5.7,"",.0,"9","",0,"8",.0,"8",4.4,"",.0,"8",.0,"8",.0,"8",.0,"8",.0,"8",.0,"8",.0,"8",.0,"8",.0,"8",.0,"8",.0,"8",.0,"8",.0,"8",.0,"8",.0,"8",.0,"8",0,"",0,"8","R",1,"",0,"9",0,"8"
"352190360","P£OCK","2015","11","25",1.9,"",-3.7,"",-1.0,"",-5.2,"",.0,"9","",0,"8",.0,"8",6.3,"",.0,"8",.0,"8",.0,"8",.0,"8",.0,"8",.0,"8",.0,"8",.0,"8",.0,"8",.0,"8",.0,"8",.0,"8",.0,"8",.0,"8",.0,"8",.0,"8",0,"",0,"8","R",6,"",0,"9",0,"8"
"352190360","P£OCK","2015","11","26",.5,"",-1.1,"",-.8,"",-1.7,"",.0,"9","",0,"8",.0,"8",.7,"",.0,"8",.0,"8",.0,"8",.0,"8",.0,"8",.0,"8",.0,"8",.0,"8",.0,"8",.0,"8",.0,"8",.0,"8",.0,"8",.0,"8",.0,"8",.0,"8",0,"",0,"8","R",1,"",0,"9",0,"8"
"352190360","P£OCK","2015","11","27",-.4,"",-3.1,"",-1.8,"",-3.7,"",.0,"","",0,"8",.0,"8",.0,"9",.0,"8",.0,"8",.0,"8",.0,"8",.0,"8",.0,"8",.0,"8",.0,"8",.0,"8",.0,"8",.0,"8",.0,"8",.0,"8",.0,"8",.0,"8",.0,"8",0,"",0,"8","R",1,"",0,"9",0,"8"
"352190360","P£OCK","2015","11","28",-.2,"",-3.1,"",-1.1,"",-2.6,"",.1,"","",0,"8",.0,"8",.0,"9",.0,"8",.0,"8",.0,"8",.0,"8",.0,"8",.0,"8",.0,"8",.0,"8",.0,"8",.0,"8",.0,"8",.0,"8",.0,"8",.0,"8",.0,"8",.0,"8",0,"",0,"8","R",1,"",0,"9",0,"8"
"352190360","P£OCK","2015","11","29",4.4,"",-.6,"",3.2,"",-.8,"",2.7,"","",0,"8",.0,"8",2.2,"",.0,"8",.0,"8",.0,"8",.0,"8",.0,"8",.0,"8",.0,"8",.0,"8",.0,"8",.0,"8",.0,"8",.0,"8",.0,"8",.0,"8",.0,"8",.0,"8",0,"",0,"8","R",0,"9",0,"9",0,"8"
"352190360","P£OCK","2015","11","30",7.4,"",3.8,"",5.1,"",2.4,"",3.1,"","",0,"8",.0,"8",1.0,"",.0,"8",.0,"8",.0,"8",.0,"8",.0,"8",.0,"8",.0,"8",.0,"8",.0,"8",.0,"8",.0,"8",.0,"8",.0,"8",.0,"8",.0,"8",.0,"8",0,"",0,"8","R",0,"9",0,"9",0,"8"
"352190360","P£OCK","2015","12","01",6.0,"",.3,"",3.5,"",.0,"",.0,"","",0,"8",.0,"8",.4,"",.0,"8",.0,"8",.0,"8",.0,"8",.0,"8",.0,"8",.0,"8",.0,"8",.0,"8",.0,"8",.0,"8",.0,"8",.0,"8",.0,"8",.0,"8",.0,"8",0,"",0,"8","R",0,"9",0,"9",0,"8"
"352190360","P£OCK","2015","12","02",6.0,"",2.3,"",4.3,"",1.4,"",.7,"","",0,"8",.0,"8",.5,"",.0,"8",.0,"8",.0,"8",.0,"8",.0,"8",.0,"8",.0,"8",.0,"8",.0,"8",.0,"8",.0,"8",.0,"8",.0,"8",.0,"8",.0,"8",.0,"8",0,"",0,"8","R",0,"9",0,"9",0,"8"
"352190360","P£OCK","2015","12","03",8.5,"",4.6,"",7.3,"",4.4,"",.0,"","",0,"8",.0,"8",.1,"",.0,"8",.0,"8",.0,"8",.0,"8",.0,"8",.0,"8",.0,"8",.0,"8",.0,"8",.0,"8",.0,"8",.0,"8",.0,"8",.0,"8",.0,"8",.0,"8",0,"",0,"8","R",0,"9",0,"9",0,"8"
"352190360","P£OCK","2015","12","04",8.8,"",4.7,"",6.9,"",3.0,"",.4,"","",0,"8",.0,"8",1.3,"",.0,"8",.0,"8",.0,"8",.0,"8",.0,"8",.0,"8",.0,"8",.0,"8",.0,"8",.0,"8",.0,"8",.0,"8",.0,"8",.0,"8",.0,"8",.0,"8",0,"",0,"8","R",0,"9",0,"9",0,"8"
"352190360","P£OCK","2015","12","05",8.4,"",4.5,"",6.6,"",3.1,"",.0,"9","",0,"8",.0,"8",4.0,"",.0,"8",.0,"8",.0,"8",.0,"8",.0,"8",.0,"8",.0,"8",.0,"8",.0,"8",.0,"8",.0,"8",.0,"8",.0,"8",.0,"8",.0,"8",.0,"8",0,"",0,"8","R",0,"9",0,"9",0,"8"
"352190360","P£OCK","2015","12","06",10.7,"",6.3,"",8.0,"",4.3,"",.0,"9","",0,"8",.0,"8",5.9,"",.0,"8",.0,"8",.0,"8",.0,"8",.0,"8",.0,"8",.0,"8",.0,"8",.0,"8",.0,"8",.0,"8",.0,"8",.0,"8",.0,"8",.0,"8",.0,"8",0,"",0,"8","R",0,"9",0,"9",0,"8"
"352190360","P£OCK","2015","12","07",10.7,"",4.1,"",8.0,"",-1.7,"",.0,"9","",0,"8",.0,"8",3.2,"",.0,"8",.0,"8",.0,"8",.0,"8",.0,"8",.0,"8",.0,"8",.0,"8",.0,"8",.0,"8",.0,"8",.0,"8",.0,"8",.0,"8",.0,"8",.0,"8",0,"",0,"8","R",0,"9",0,"9",0,"8"
"352190360","P£OCK","2015","12","08",4.6,"",-2.8,"",.6,"",-6.1,"",.1,"","",0,"8",.0,"8",.0,"9",.0,"8",.0,"8",.0,"8",.0,"8",.0,"8",.0,"8",.0,"8",.0,"8",.0,"8",.0,"8",.0,"8",.0,"8",.0,"8",.0,"8",.0,"8",.0,"8",0,"",0,"8","R",1,"",0,"9",0,"8"
"352190360","P£OCK","2015","12","09",6.3,"",1.9,"",4.8,"",2.0,"",.0,"","",0,"8",.0,"8",.0,"9",.0,"8",.0,"8",.0,"8",.0,"8",.0,"8",.0,"8",.0,"8",.0,"8",.0,"8",.0,"8",.0,"8",.0,"8",.0,"8",.0,"8",.0,"8",.0,"8",0,"",0,"8","R",0,"9",0,"9",0,"8"
"352190360","P£OCK","2015","12","10",6.1,"",2.7,"",4.3,"",.3,"",.0,"9","",0,"8",.0,"8",3.8,"",.0,"8",.0,"8",.0,"8",.0,"8",.0,"8",.0,"8",.0,"8",.0,"8",.0,"8",.0,"8",.0,"8",.0,"8",.0,"8",.0,"8",.0,"8",.0,"8",0,"",0,"8","R",0,"9",0,"9",0,"8"
"352190360","P£OCK","2015","12","11",3.9,"",-1.2,"",2.0,"",-3.3,"",.1,"","",0,"8",.0,"8",2.6,"",.0,"8",.0,"8",.0,"8",.0,"8",.0,"8",.0,"8",.0,"8",.0,"8",.0,"8",.0,"8",.0,"8",.0,"8",.0,"8",.0,"8",.0,"8",.0,"8",0,"",0,"8","R",1,"",0,"9",0,"8"
"352190360","P£OCK","2015","12","12",5.8,"",3.9,"",4.9,"",2.8,"",.7,"","",0,"8",.0,"8",.0,"9",.0,"8",.0,"8",.0,"8",.0,"8",.0,"8",.0,"8",.0,"8",.0,"8",.0,"8",.0,"8",.0,"8",.0,"8",.0,"8",.0,"8",.0,"8",.0,"8",0,"",0,"8","R",0,"9",0,"9",0,"8"
"352190360","P£OCK","2015","12","13",8.2,"",2.1,"",4.0,"",1.8,"",6.7,"","",0,"8",.0,"8",.0,"9",.0,"8",.0,"8",.0,"8",.0,"8",.0,"8",.0,"8",.0,"8",.0,"8",.0,"8",.0,"8",.0,"8",.0,"8",.0,"8",.0,"8",.0,"8",.0,"8",0,"",0,"8","R",0,"9",0,"9",0,"8"
"352190360","P£OCK","2015","12","14",3.9,"",-1.1,"",1.4,"",-2.9,"",.0,"9","",0,"8",.0,"8",4.6,"",.0,"8",.0,"8",.0,"8",.0,"8",.0,"8",.0,"8",.0,"8",.0,"8",.0,"8",.0,"8",.0,"8",.0,"8",.0,"8",.0,"8",.0,"8",.0,"8",0,"",0,"8","R",1,"",0,"9",0,"8"
"352190360","P£OCK","2015","12","15",.7,"",-.6,"",.0,"",-1.9,"",.0,"","",0,"8",.0,"8",.0,"9",.0,"8",.0,"8",.0,"8",.0,"8",.0,"8",.0,"8",.0,"8",.0,"8",.0,"8",.0,"8",.0,"8",.0,"8",.0,"8",.0,"8",.0,"8",.0,"8",0,"",0,"8","R",1,"",0,"9",0,"8"
"352190360","P£OCK","2015","12","16",1.5,"",-1.7,"",.4,"",-1.4,"",.0,"9","",0,"8",.0,"8",.0,"9",.0,"8",.0,"8",.0,"8",.0,"8",.0,"8",.0,"8",.0,"8",.0,"8",.0,"8",.0,"8",.0,"8",.0,"8",.0,"8",.0,"8",.0,"8",.0,"8",0,"",0,"8","R",1,"",0,"9",0,"8"
"352190360","P£OCK","2015","12","17",6.9,"",1.4,"",4.5,"",.8,"",1.3,"","",0,"8",.0,"8",.0,"9",.0,"8",.0,"8",.0,"8",.0,"8",.0,"8",.0,"8",.0,"8",.0,"8",.0,"8",.0,"8",.0,"8",.0,"8",.0,"8",.0,"8",.0,"8",.0,"8",0,"",0,"8","R",0,"9",0,"9",0,"8"
"352190360","P£OCK","2015","12","18",10.9,"",6.9,"",10.0,"",6.5,"",.7,"","",0,"8",.0,"8",.1,"",.0,"8",.0,"8",.0,"8",.0,"8",.0,"8",.0,"8",.0,"8",.0,"8",.0,"8",.0,"8",.0,"8",.0,"8",.0,"8",.0,"8",.0,"8",.0,"8",0,"",0,"8","R",0,"9",0,"9",0,"8"
"352190360","P£OCK","2015","12","19",11.0,"",8.2,"",9.5,"",6.9,"",.0,"9","",0,"8",.0,"8",.0,"9",.0,"8",.0,"8",.0,"8",.0,"8",.0,"8",.0,"8",.0,"8",.0,"8",.0,"8",.0,"8",.0,"8",.0,"8",.0,"8",.0,"8",.0,"8",.0,"8",0,"",0,"8","R",0,"9",0,"9",0,"8"
"352190360","P£OCK","2015","12","20",9.6,"",5.2,"",6.6,"",1.9,"",.0,"9","",0,"8",.0,"8",4.4,"",.0,"8",.0,"8",.0,"8",.0,"8",.0,"8",.0,"8",.0,"8",.0,"8",.0,"8",.0,"8",.0,"8",.0,"8",.0,"8",.0,"8",.0,"8",.0,"8",0,"",0,"8","R",0,"9",0,"9",0,"8"
"352190360","P£OCK","2015","12","21",7.2,"",3.1,"",5.3,"",1.7,"",2.6,"","",0,"8",.0,"8",.0,"9",.0,"8",.0,"8",.0,"8",.0,"8",.0,"8",.0,"8",.0,"8",.0,"8",.0,"8",.0,"8",.0,"8",.0,"8",.0,"8",.0,"8",.0,"8",.0,"8",0,"",0,"8","R",0,"9",0,"9",0,"8"
"352190360","P£OCK","2015","12","22",9.4,"",5.9,"",8.6,"",4.4,"",.2,"","",0,"8",.0,"8",3.0,"",.0,"8",.0,"8",.0,"8",.0,"8",.0,"8",.0,"8",.0,"8",.0,"8",.0,"8",.0,"8",.0,"8",.0,"8",.0,"8",.0,"8",.0,"8",.0,"8",0,"",0,"8","R",0,"9",0,"9",0,"8"
"352190360","P£OCK","2015","12","23",13.0,"",8.5,"",11.0,"",7.8,"",.0,"9","",0,"8",.0,"8",2.4,"",.0,"8",.0,"8",.0,"8",.0,"8",.0,"8",.0,"8",.0,"8",.0,"8",.0,"8",.0,"8",.0,"8",.0,"8",.0,"8",.0,"8",.0,"8",.0,"8",0,"",0,"8","R",0,"9",0,"9",0,"8"
"352190360","P£OCK","2015","12","24",10.7,"",2.3,"",4.8,"",-1.4,"",.0,"9","",0,"8",.0,"8",5.4,"",.0,"8",.0,"8",.0,"8",.0,"8",.0,"8",.0,"8",.0,"8",.0,"8",.0,"8",.0,"8",.0,"8",.0,"8",.0,"8",.0,"8",.0,"8",.0,"8",0,"",0,"8","R",0,"9",0,"9",0,"8"
"352190360","P£OCK","2015","12","25",9.8,"",3.3,"",5.8,"",-.1,"",.9,"","",0,"8",.0,"8",2.4,"",.0,"8",.0,"8",.0,"8",.0,"8",.0,"8",.0,"8",.0,"8",.0,"8",.0,"8",.0,"8",.0,"8",.0,"8",.0,"8",.0,"8",.0,"8",.0,"8",0,"",0,"8","R",0,"9",0,"9",0,"8"
"352190360","P£OCK","2015","12","26",13.5,"",3.4,"",10.5,"",1.0,"",.1,"","",0,"8",.0,"8",.0,"9",.0,"8",.0,"8",.0,"8",.0,"8",.0,"8",.0,"8",.0,"8",.0,"8",.0,"8",.0,"8",.0,"8",.0,"8",.0,"8",.0,"8",.0,"8",.0,"8",0,"",0,"8","R",0,"9",0,"9",0,"8"
"352190360","P£OCK","2015","12","27",13.6,"",6.1,"",9.3,"",6.2,"",1.4,"","",0,"8",.0,"8",.3,"",.0,"8",.0,"8",.0,"8",.0,"8",.0,"8",.0,"8",.0,"8",.0,"8",.0,"8",.0,"8",.0,"8",.0,"8",.0,"8",.0,"8",.0,"8",.0,"8",0,"",0,"8","R",0,"9",0,"9",0,"8"
"352190360","P£OCK","2015","12","28",9.8,"",3.6,"",5.8,"",3.1,"",.1,"","",0,"8",.0,"8",.5,"",.0,"8",.0,"8",.0,"8",.0,"8",.0,"8",.0,"8",.0,"8",.0,"8",.0,"8",.0,"8",.0,"8",.0,"8",.0,"8",.0,"8",.0,"8",.0,"8",0,"",0,"8","R",0,"9",0,"9",0,"8"
"352190360","P£OCK","2015","12","29",3.5,"",-3.2,"",-1.6,"",-4.5,"",.0,"9","",0,"8",.0,"8",4.6,"",.0,"8",.0,"8",.0,"8",.0,"8",.0,"8",.0,"8",.0,"8",.0,"8",.0,"8",.0,"8",.0,"8",.0,"8",.0,"8",.0,"8",.0,"8",.0,"8",0,"",0,"8","R",1,"",0,"9",0,"8"
"352190360","P£OCK","2015","12","30",-2.9,"",-5.6,"",-4.2,"",-8.5,"",.0,"9","",0,"8",.0,"8",.4,"",.0,"8",.0,"8",.0,"8",.0,"8",.0,"8",.0,"8",.0,"8",.0,"8",.0,"8",.0,"8",.0,"8",.0,"8",.0,"8",.0,"8",.0,"8",.0,"8",0,"",0,"8","R",7,"",0,"9",0,"8"
"352190360","P£OCK","2015","12","31",-1.1,"",-7.3,"",-5.0,"",-8.2,"",.0,"9","",0,"8",.0,"8",6.6,"",.0,"8",.0,"8",.0,"8",.0,"8",.0,"8",.0,"8",.0,"8",.0,"8",.0,"8",.0,"8",.0,"8",.0,"8",.0,"8",.0,"8",.0,"8",.0,"8",0,"",0,"8","R",12,"",0,"9",0,"8"
